Biomod2EZ_SampleData/environmental_layers/annualprecip.asc
ncols         70
nrows         67
xllcorner     11.334307508326
yllcorner     6.759130859542
cellsize      0.008333333768
NODATA_value  -9999
[rows 0 to 44 of 67, columns 0 to 69 of 70]
-9999 -9999 -9999 -9999 -9999 -9999 -9999 -9999 -9999 -9999 -9999 -9999 -9999 -9999 -9999 -9999 -9999 -9999 -9999 -9999 -9999 -9999 -9999 -9999 -9999 -9999 -9999 -9999 -9999 -9999 -9999 -9999 -9999 -9999 -9999 -9999 -9999 -9999 -9999 -9999 -9999 -9999 -9999 -9999 -9999 -9999 -9999 -9999 -9999 -9999 -9999 -9999 -9999 -9999 -9999 -9999 -9999 -9999 -9999 -9999 -9999 -9999 -9999 -9999 -9999 -9999 -9999 -9999 -9999 -9999
1496 1500 1500 1499 1499 1499 1501 1503 1499 1497 1497 1498 1515 1499 1496 1501 1505 1505 1515 1556 1570 1598 1595 1531 1521 1513 1505 1511 1525 1516 1519 1525 1534 1545 1562 1591 1581 1586 1586 1581 1585 1601 1610 1640 1654 1646 1638 1635 1635 1631 1626 1624 1628 1625 1625 1625 1629 1615 1623 1624 1627 1627 1629 1635 1639 1631 1611 1617 1617 1622
1496 1500 1500 1499 1500 1500 1501 1505 1507 1503 1504 1503 1504 1500 1500 1497 1507 1507 1511 1518 1537 1582 1598 1593 1555 1522 1520 1520 1512 1515 1508 1526 1531 1525 1538 1561 1558 1559 1563 1572 1581 1588 1601 1612 1634 1647 1645 1636 1640 1630 1631 1630 1629 1629 1629 1629 1629 1621 1620 1625 1628 1630 1632 1641 1634 1617 1616 1621 1619 1621
1497 1499 1500 1501 1503 1504 1504 1505 1515 1511 1505 1507 1505 1502 1501 1500 1504 1511 1531 1550 1591 1567 1564 1555 1538 1519 1515 1522 1527 1524 1525 1515 1517 1524 1526 1546 1545 1557 1558 1569 1589 1596 1617 1630 1637 1648 1643 1636 1640 1633 1633 1631 1630 1630 1630 1629 1631 1625 1619 1624 1633 1633 1641 1636 1633 1630 1623 1625 1625 1626
1499 1501 1501 1504 1506 1511 1509 1511 1512 1513 1513 1512 1507 1505 1503 1510 1516 1541 1538 1545 1560 1565 1531 1530 1539 1532 1522 1525 1542 1532 1529 1528 1523 1521 1526 1534 1546 1548 1557 1573 1603 1609 1625 1630 1631 1651 1645 1637 1638 1635 1634 1633 1634 1635 1634 1634 1632 1633 1622 1635 1640 1638 1646 1633 1627 1626 1623 1625 1627 1630
1500 1505 1508 1509 1509 1510 1513 1513 1513 1512 1513 1516 1529 1507 1507 1515 1527 1554 1562 1538 1525 1525 1527 1572 1585 1563 1534 1523 1528 1531 1536 1536 1535 1533 1527 1535 1538 1543 1559 1580 1602 1588 1612 1620 1625 1645 1645 1638 1639 1636 1635 1635 1636 1636 1643 1636 1635 1633 1624 1633 1644 1644 1640 1634 1629 1629 1624 1628 1630 1634
1504 1506 1508 1509 1509 1510 1522 1514 1512 1514 1519 1520 1520 1530 1507 1516 1534 1539 1518 1520 1526 1544 1570 1597 1617 1593 1558 1530 1528 1532 1541 1551 1552 1552 1545 1535 1536 1544 1555 1585 1580 1574 1599 1621 1644 1649 1651 1642 1640 1638 1638 1638 1636 1640 1646 1640 1640 1641 1634 1634 1641 1639 1636 1634 1630 1631 1626 1630 1634 1637
1511 1508 1508 1510 1512 1510 1512 1513 1512 1514 1519 1523 1527 1531 1514 1512 1514 1518 1518 1531 1532 1560 1592 1626 1641 1601 1560 1539 1529 1536 1543 1566 1575 1562 1544 1537 1538 1546 1556 1565 1560 1564 1600 1628 1647 1648 1647 1647 1642 1642 1642 1640 1640 1640 1649 1645 1639 1639 1638 1638 1639 1641 1641 1636 1633 1638 1636 1630 1632 1636
1514 1512 1512 1510 1510 1511 1514 1514 1518 1519 1525 1526 1531 1533 1536 1516 1516 1522 1542 1545 1546 1566 1608 1636 1627 1591 1544 1538 1535 1538 1549 1559 1578 1554 1545 1545 1542 1545 1547 1556 1556 1571 1583 1624 1638 1629 1646 1646 1644 1642 1642 1640 1640 1638 1638 1637 1636 1637 1636 1637 1638 1640 1638 1640 1640 1642 1642 1633 1632 1638
1517 1514 1517 1519 1521 1517 1515 1519 1522 1530 1525 1530 1538 1550 1557 1536 1516 1521 1525 1536 1566 1583 1601 1627 1628 1589 1557 1539 1542 1550 1548 1558 1576 1570 1550 1549 1546 1546 1547 1552 1559 1564 1581 1619 1616 1615 1635 1640 1646 1644 1642 1639 1640 1643 1643 1642 1639 1639 1639 1637 1638 1640 1640 1642 1643 1644 1639 1635 1635 1636
1521 1519 1520 1520 1524 1522 1521 1520 1540 1523 1524 1525 1533 1551 1558 1546 1522 1521 1525 1531 1545 1564 1590 1618 1624 1601 1559 1544 1547 1552 1557 1551 1577 1560 1560 1552 1550 1547 1559 1568 1572 1571 1571 1590 1617 1623 1631 1641 1651 1648 1644 1647 1648 1645 1647 1648 1644 1645 1643 1642 1642 1643 1643 1644 1645 1643 1644 1645 1642 1644
1528 1522 1520 1524 1528 1528 1527 1528 1522 1523 1529 1537 1534 1538 1558 1569 1548 1524 1526 1530 1538 1579 1603 1610 1603 1574 1556 1548 1548 1551 1569 1569 1567 1561 1561 1562 1556 1556 1556 1560 1566 1566 1573 1596 1612 1617 1625 1648 1651 1652 1643 1644 1660 1655 1658 1657 1651 1658 1653 1643 1646 1644 1654 1650 1649 1646 1648 1650 1646 1645
1528 1528 1527 1527 1529 1535 1542 1528 1527 1525 1531 1531 1552 1551 1542 1544 1557 1530 1526 1527 1535 1546 1591 1622 1611 1577 1560 1551 1550 1551 1551 1558 1573 1559 1561 1567 1563 1560 1561 1562 1565 1578 1583 1611 1588 1603 1610 1633 1625 1618 1634 1662 1660 1666 1670 1662 1663 1663 1664 1655 1655 1646 1655 1651 1649 1651 1650 1649 1647 1648
1536 1532 1533 1533 1536 1534 1530 1529 1530 1533 1532 1537 1545 1564 1548 1549 1551 1540 1534 1534 1531 1555 1593 1641 1634 1601 1567 1562 1559 1562 1558 1555 1560 1558 1564 1564 1569 1574 1568 1569 1565 1581 1582 1591 1584 1593 1594 1595 1608 1621 1624 1655 1665 1672 1669 1664 1670 1672 1664 1657 1658 1649 1654 1653 1654 1655 1653 1654 1651 1655
1538 1537 1536 1539 1537 1534 1529 1536 1537 1541 1559 1562 1551 1573 1573 1555 1558 1563 1556 1535 1535 1563 1610 1639 1651 1603 1579 1580 1573 1571 1566 1561 1558 1559 1562 1563 1570 1587 1583 1585 1572 1573 1573 1575 1579 1588 1602 1627 1633 1640 1630 1657 1667 1676 1673 1668 1672 1675 1666 1665 1666 1657 1662 1661 1658 1658 1665 1658 1655 1659
1539 1540 1542 1542 1537 1534 1537 1540 1542 1547 1549 1562 1566 1585 1595 1559 1560 1577 1556 1575 1545 1560 1590 1623 1612 1612 1579 1581 1568 1568 1561 1561 1560 1565 1571 1571 1572 1579 1580 1595 1583 1582 1577 1580 1584 1593 1602 1632 1621 1648 1652 1657 1664 1672 1668 1672 1674 1667 1668 1672 1669 1665 1666 1667 1661 1665 1667 1660 1659 1657
1544 1545 1545 1541 1542 1539 1539 1541 1550 1550 1555 1580 1589 1626 1626 1597 1567 1570 1559 1558 1551 1555 1580 1590 1594 1588 1577 1579 1573 1570 1568 1568 1563 1561 1571 1572 1571 1574 1587 1605 1612 1612 1606 1591 1590 1597 1604 1614 1618 1636 1655 1654 1664 1663 1663 1658 1663 1664 1668 1676 1672 1667 1667 1667 1663 1667 1670 1659 1667 1662
1549 1571 1576 1585 1549 1543 1541 1544 1548 1558 1569 1594 1630 1642 1656 1625 1579 1579 1564 1555 1554 1570 1568 1586 1592 1596 1598 1612 1593 1580 1575 1570 1568 1565 1566 1573 1589 1580 1594 1605 1595 1607 1610 1591 1591 1599 1599 1597 1626 1647 1662 1658 1659 1659 1660 1661 1663 1668 1669 1673 1673 1672 1675 1675 1668 1673 1673 1673 1674 1667
1553 1565 1551 1554 1547 1543 1542 1548 1553 1561 1588 1620 1646 1662 1666 1649 1619 1598 1591 1568 1558 1582 1597 1617 1631 1649 1614 1625 1604 1585 1577 1571 1571 1571 1570 1577 1582 1574 1582 1583 1594 1601 1598 1589 1609 1615 1627 1624 1612 1648 1669 1665 1663 1660 1664 1663 1665 1670 1669 1670 1672 1675 1680 1683 1677 1669 1676 1682 1677 1674
1558 1556 1551 1549 1549 1548 1546 1550 1561 1565 1593 1634 1646 1658 1668 1658 1640 1602 1594 1578 1586 1582 1606 1611 1631 1631 1605 1587 1588 1582 1582 1578 1578 1573 1571 1571 1575 1579 1584 1584 1581 1584 1583 1586 1620 1643 1629 1638 1619 1619 1621 1666 1664 1665 1673 1674 1668 1674 1671 1671 1677 1677 1682 1683 1679 1678 1676 1681 1680 1670
1556 1556 1556 1554 1553 1549 1550 1554 1569 1587 1614 1613 1642 1651 1666 1666 1660 1620 1594 1581 1593 1574 1589 1589 1602 1590 1590 1585 1584 1580 1580 1580 1580 1577 1579 1579 1582 1586 1594 1586 1585 1606 1592 1592 1610 1627 1619 1628 1631 1615 1615 1637 1655 1667 1668 1672 1670 1671 1680 1677 1677 1678 1684 1685 1678 1683 1681 1680 1681 1672
1558 1557 1556 1554 1552 1552 1553 1566 1587 1603 1648 1647 1643 1652 1661 1665 1646 1648 1604 1608 1604 1588 1588 1608 1611 1607 1607 1609 1613 1603 1590 1592 1586 1580 1580 1595 1595 1587 1585 1592 1614 1619 1606 1624 1600 1612 1617 1632 1641 1642 1629 1623 1637 1647 1641 1654 1673 1671 1681 1684 1682 1683 1684 1685 1683 1683 1687 1687 1683 1678
1558 1558 1557 1555 1555 1556 1560 1573 1584 1604 1643 1664 1669 1676 1676 1669 1645 1619 1612 1609 1609 1609 1615 1608 1601 1611 1632 1628 1643 1635 1593 1605 1589 1585 1585 1589 1601 1591 1588 1589 1603 1611 1635 1640 1631 1627 1618 1622 1659 1667 1654 1638 1638 1635 1636 1654 1665 1672 1680 1684 1693 1688 1687 1695 1693 1693 1694 1694 1684 1678
1563 1560 1559 1558 1558 1560 1562 1568 1583 1619 1660 1669 1679 1685 1686 1671 1663 1632 1644 1639 1627 1614 1618 1620 1612 1611 1621 1651 1648 1636 1628 1628 1599 1592 1592 1592 1604 1595 1596 1608 1606 1620 1636 1647 1651 1631 1633 1623 1635 1675 1678 1671 1647 1656 1658 1670 1661 1667 1675 1684 1689 1685 1688 1691 1697 1694 1694 1694 1689 1680
1563 1563 1561 1559 1562 1564 1565 1568 1586 1604 1628 1667 1682 1687 1685 1676 1647 1643 1643 1631 1625 1623 1619 1628 1640 1636 1631 1651 1637 1636 1650 1646 1606 1604 1610 1620 1622 1599 1638 1634 1620 1648 1647 1662 1662 1658 1670 1649 1633 1653 1679 1685 1677 1672 1672 1680 1675 1681 1677 1684 1685 1689 1688 1695 1696 1698 1697 1694 1690 1685
1564 1562 1561 1563 1563 1566 1567 1571 1578 1593 1611 1660 1671 1687 1679 1665 1647 1644 1634 1633 1636 1623 1628 1630 1633 1644 1650 1636 1636 1642 1642 1637 1618 1626 1639 1651 1645 1633 1624 1642 1648 1648 1654 1677 1683 1678 1676 1671 1644 1664 1670 1689 1684 1687 1680 1687 1687 1684 1685 1686 1685 1695 1693 1696 1696 1698 1696 1694 1694 1688
1566 1564 1565 1566 1566 1567 1567 1573 1576 1580 1593 1629 1644 1668 1663 1663 1650 1637 1637 1632 1631 1631 1629 1634 1636 1639 1639 1637 1635 1637 1637 1639 1640 1640 1650 1664 1659 1642 1638 1644 1649 1655 1677 1687 1687 1689 1689 1685 1678 1668 1671 1681 1690 1694 1696 1696 1697 1687 1691 1691 1691 1691 1696 1697 1697 1700 1696 1696 1687 1682
1572 1570 1568 1569 1570 1570 1573 1575 1578 1580 1587 1604 1607 1620 1628 1653 1670 1646 1645 1638 1635 1634 1634 1635 1636 1634 1639 1635 1637 1637 1637 1637 1640 1640 1646 1645 1649 1641 1644 1660 1657 1667 1686 1695 1701 1697 1694 1689 1679 1670 1689 1687 1688 1692 1698 1707 1711 1704 1700 1697 1701 1701 1695 1698 1698 1694 1688 1688 1682 1673
1575 1573 1570 1572 1571 1574 1575 1576 1579 1581 1604 1607 1600 1611 1638 1670 1673 1656 1663 1657 1652 1644 1635 1634 1633 1635 1637 1635 1636 1638 1638 1640 1640 1641 1653 1652 1651 1648 1648 1666 1667 1680 1688 1694 1719 1709 1698 1687 1684 1677 1684 1691 1693 1696 1703 1711 1716 1707 1701 1702 1702 1698 1698 1701 1700 1697 1694 1688 1680 1671
1575 1575 1575 1575 1575 1577 1578 1581 1582 1584 1588 1648 1645 1635 1661 1680 1688 1676 1670 1650 1642 1641 1637 1635 1635 1635 1634 1635 1636 1636 1638 1638 1640 1645 1655 1673 1656 1661 1668 1675 1684 1688 1698 1699 1716 1727 1706 1697 1692 1690 1690 1694 1698 1700 1710 1713 1703 1704 1704 1705 1702 1702 1697 1699 1702 1701 1697 1693 1680 1673
1579 1579 1580 1576 1579 1581 1583 1597 1612 1605 1612 1598 1617 1657 1671 1694 1691 1680 1664 1646 1644 1645 1643 1643 1640 1641 1639 1638 1641 1640 1644 1667 1643 1646 1651 1665 1671 1669 1677 1682 1686 1696 1702 1710 1721 1725 1702 1701 1698 1697 1698 1694 1701 1710 1718 1712 1701 1701 1702 1701 1700 1698 1696 1697 1700 1700 1701 1698 1690 1672
1583 1590 1581 1581 1583 1586 1586 1613 1621 1632 1640 1622 1618 1636 1663 1685 1677 1666 1653 1657 1661 1665 1658 1665 1658 1648 1643 1640 1639 1644 1660 1678 1672 1651 1652 1661 1678 1683 1677 1679 1686 1693 1698 1707 1724 1734 1718 1708 1706 1703 1704 1701 1707 1716 1718 1706 1703 1699 1700 1701 1694 1694 1696 1694 1700 1701 1698 1695 1690 1674
1588 1588 1585 1584 1583 1587 1591 1599 1613 1636 1680 1652 1644 1664 1673 1690 1690 1686 1675 1687 1674 1682 1686 1685 1664 1650 1645 1643 1640 1644 1670 1688 1683 1662 1662 1670 1695 1693 1689 1687 1691 1698 1700 1706 1731 1738 1735 1733 1715 1710 1714 1712 1712 1719 1710 1709 1703 1700 1700 1701 1701 1697 1695 1695 1701 1704 1700 1692 1686 1685
1593 1591 1591 1590 1587 1589 1593 1596 1643 1652 1687 1665 1667 1687 1699 1703 1704 1701 1700 1699 1695 1695 1692 1686 1660 1651 1648 1648 1646 1650 1649 1664 1664 1662 1665 1677 1684 1696 1700 1697 1697 1701 1703 1707 1720 1739 1722 1723 1713 1705 1710 1711 1709 1705 1703 1702 1702 1707 1704 1703 1698 1698 1695 1691 1701 1699 1701 1695 1683 1687
1598 1596 1595 1601 1592 1592 1612 1626 1634 1649 1662 1674 1683 1690 1703 1707 1708 1706 1707 1705 1700 1693 1687 1673 1661 1657 1657 1649 1650 1650 1651 1651 1658 1661 1666 1671 1687 1692 1701 1704 1702 1706 1707 1712 1720 1731 1733 1719 1709 1708 1706 1706 1706 1705 1703 1704 1706 1708 1710 1705 1703 1702 1698 1694 1698 1698 1691 1692 1680 1683
1611 1603 1600 1617 1594 1597 1596 1603 1604 1622 1625 1640 1666 1679 1695 1707 1708 1709 1709 1708 1701 1701 1701 1692 1676 1663 1659 1653 1655 1658 1656 1661 1666 1672 1668 1672 1684 1689 1697 1705 1708 1708 1718 1716 1716 1715 1711 1715 1707 1706 1704 1704 1706 1703 1703 1704 1703 1707 1706 1706 1705 1704 1704 1690 1700 1694 1691 1682 1680 1680
1629 1616 1606 1606 1604 1604 1601 1602 1608 1620 1635 1659 1682 1694 1704 1710 1708 1711 1711 1711 1707 1707 1708 1709 1680 1668 1664 1662 1659 1660 1662 1666 1673 1693 1692 1690 1689 1689 1699 1704 1706 1714 1712 1712 1711 1710 1709 1712 1706 1705 1705 1701 1703 1703 1706 1707 1701 1705 1708 1706 1704 1705 1704 1695 1685 1690 1684 1684 1681 1683
1632 1621 1617 1617 1625 1617 1615 1608 1625 1640 1649 1670 1689 1702 1708 1710 1710 1711 1711 1712 1712 1711 1709 1708 1697 1680 1671 1664 1664 1671 1668 1669 1679 1691 1702 1701 1701 1698 1703 1709 1710 1711 1708 1710 1709 1708 1707 1713 1707 1702 1706 1704 1699 1703 1707 1707 1702 1702 1706 1708 1706 1706 1702 1695 1690 1685 1684 1680 1680 1685
1643 1631 1644 1646 1639 1634 1625 1624 1639 1657 1678 1675 1695 1708 1713 1714 1714 1713 1713 1713 1713 1714 1714 1713 1710 1694 1679 1681 1678 1672 1682 1698 1698 1700 1706 1710 1708 1709 1709 1707 1707 1709 1708 1711 1714 1711 1709 1708 1710 1700 1705 1706 1706 1703 1704 1706 1701 1701 1707 1708 1707 1704 1700 1690 1688 1683 1686 1682 1683 1681
1661 1662 1666 1672 1672 1668 1651 1660 1651 1672 1701 1702 1708 1709 1711 1712 1714 1713 1713 1716 1716 1714 1716 1716 1716 1708 1693 1696 1695 1690 1693 1705 1710 1707 1710 1713 1711 1711 1712 1711 1711 1709 1711 1711 1711 1711 1709 1709 1708 1705 1703 1709 1703 1700 1704 1704 1700 1708 1708 1710 1708 1704 1699 1697 1690 1688 1685 1682 1684 1681
1706 1695 1703 1698 1705 1694 1669 1685 1671 1696 1706 1714 1714 1715 1714 1714 1716 1714 1717 1717 1717 1716 1716 1716 1716 1716 1708 1710 1708 1707 1702 1705 1716 1716 1716 1714 1712 1713 1712 1712 1711 1712 1713 1715 1711 1712 1712 1710 1706 1706 1707 1711 1705 1699 1699 1700 1703 1709 1710 1708 1710 1708 1703 1701 1696 1688 1686 1686 1688 1688
1718 1719 1713 1715 1708 1696 1685 1696 1690 1707 1717 1718 1716 1719 1719 1716 1716 1718 1716 1718 1718 1718 1719 1718 1718 1719 1718 1717 1716 1716 1715 1713 1713 1718 1718 1716 1716 1716 1712 1712 1714 1711 1714 1716 1713 1712 1711 1706 1707 1705 1708 1709 1707 1699 1698 1703 1707 1711 1711 1707 1709 1706 1703 1706 1703 1697 1693 1689 1690 1691
1721 1721 1723 1723 1722 1716 1720 1718 1722 1710 1721 1721 1719 1717 1722 1722 1722 1720 1721 1720 1720 1720 1720 1719 1719 1719 1720 1717 1719 1717 1717 1720 1721 1722 1724 1717 1714 1713 1713 1715 1714 1712 1713 1715 1714 1713 1712 1713 1713 1708 1706 1706 1706 1704 1701 1704 1706 1710 1710 1706 1704 1699 1699 1699 1705 1697 1697 1694 1694 1693
1721 1721 1723 1723 1723 1722 1723 1723 1722 1723 1723 1723 1721 1723 1722 1723 1722 1720 1720 1721 1720 1720 1721 1721 1721 1721 1721 1720 1721 1721 1720 1722 1724 1723 1724 1719 1718 1715 1715 1715 1714 1714 1714 1714 1714 1715 1714 1711 1710 1709 1706 1703 1705 1702 1702 1708 1709 1713 1707 1707 1702 1699 1698 1699 1702 1702 1700 1699 1698 1699
1724 1724 1727 1726 1724 1723 1723 1724 1724 1724 1723 1723 1725 1723 1724 1722 1723 1725 1724 1722 1724 1724 1723 1724 1725 1725 1723 1723 1724 1725 1722 1722 1724 1724 1725 1725 1720 1720 1718 1717 1716 1715 1715 1715 1715 1716 1716 1713 1714 1705 1705 1703 1704 1710 1710 1707 1715 1717 1705 1707 1703 1698 1698 1698 1704 1703 1700 1700 1700 1697
