Biomod2EZ_SampleData/environmental_layers/elevation.asc
ncols         70
nrows         67
xllcorner     11.334307508326
yllcorner     6.759130859542
cellsize      0.008333333768
NODATA_value  -9999
[rows 0 to 45 of 67, columns 0 to 69 of 70]
-9999 -9999 -9999 -9999 -9999 -9999 -9999 -9999 -9999 -9999 -9999 -9999 -9999 -9999 -9999 -9999 -9999 -9999 -9999 -9999 -9999 -9999 -9999 -9999 -9999 -9999 -9999 -9999 -9999 -9999 -9999 -9999 -9999 -9999 -9999 -9999 -9999 -9999 -9999 -9999 -9999 -9999 -9999 -9999 -9999 -9999 -9999 -9999 -9999 -9999 -9999 -9999 -9999 -9999 -9999 -9999 -9999 -9999 -9999 -9999 -9999 -9999 -9999 -9999 -9999 -9999 -9999 -9999 -9999 -9999
383 394 397 394 396 396 408 415 395 386 383 386 487 395 374 401 421 423 478 713 793 1006 974 570 517 462 415 455 540 474 495 529 593 646 754 927 858 890 887 849 873 996 1078 1395 1628 1519 1397 1321 1330 1276 1222 1197 1248 1199 1206 1204 1246 1112 1195 1207 1226 1224 1244 1345 1389 1271 1080 1131 1147 1203
370 384 382 376 383 388 396 415 431 403 404 396 405 388 375 361 423 423 438 489 586 876 987 946 678 518 491 487 440 455 432 513 548 520 598 719 704 715 729 787 842 892 990 1073 1291 1482 1462 1318 1387 1255 1246 1240 1237 1235 1217 1220 1235 1142 1123 1173 1220 1234 1276 1443 1293 1124 1116 1129 1117 1150
357 368 369 389 396 403 405 412 466 429 407 417 404 382 382 367 397 435 540 649 924 751 741 676 585 473 456 505 519 505 505 457 456 495 510 625 610 679 697 755 880 936 1111 1215 1322 1484 1403 1288 1360 1255 1240 1231 1223 1228 1222 1226 1239 1180 1110 1156 1231 1263 1373 1323 1238 1217 1147 1159 1164 1170
356 369 379 394 398 427 415 422 431 438 436 434 409 386 374 423 462 589 575 619 695 728 527 528 570 543 488 500 586 546 520 515 479 473 492 550 613 623 679 765 970 1013 1154 1212 1228 1498 1361 1265 1277 1251 1237 1214 1241 1241 1241 1242 1227 1211 1097 1227 1321 1325 1419 1235 1164 1159 1111 1147 1170 1224
360 379 384 390 401 407 427 436 428 413 427 442 504 398 387 432 503 656 697 565 496 492 498 757 845 698 542 480 500 529 550 552 551 527 504 538 564 576 671 787 943 831 1013 1073 1125 1371 1360 1271 1267 1242 1238 1234 1244 1250 1314 1236 1231 1210 1120 1196 1355 1351 1282 1226 1180 1182 1116 1162 1192 1228
361 369 383 390 388 398 451 423 406 411 446 453 454 493 379 436 520 550 449 451 486 577 725 914 1053 871 659 511 493 520 562 613 616 621 577 530 543 573 632 803 775 745 901 1081 1298 1403 1441 1303 1267 1247 1232 1244 1221 1258 1351 1262 1264 1266 1175 1195 1273 1260 1214 1194 1183 1167 1125 1147 1192 1227
387 364 371 381 394 385 396 402 401 408 429 452 467 492 405 387 400 427 431 487 496 659 860 1121 1279 937 657 534 491 522 557 683 742 666 558 531 541 571 616 680 646 670 891 1096 1319 1351 1348 1316 1253 1257 1254 1236 1259 1231 1366 1301 1233 1231 1212 1198 1226 1272 1244 1197 1165 1198 1186 1147 1160 1206
384 381 382 366 369 373 387 393 411 417 444 454 472 491 505 409 413 434 547 559 567 686 956 1194 1110 834 548 522 506 519 575 634 741 611 556 544 536 558 576 609 614 706 770 1068 1189 1097 1270 1271 1258 1235 1235 1220 1220 1182 1186 1154 1150 1149 1147 1157 1178 1215 1191 1207 1219 1231 1224 1149 1138 1206
387 377 382 404 411 394 379 398 418 460 439 458 513 567 618 501 387 416 435 494 665 780 890 1074 1095 809 608 515 523 561 554 620 719 686 571 569 557 548 564 578 617 644 743 1008 975 970 1151 1214 1264 1232 1223 1201 1183 1207 1244 1201 1178 1180 1177 1157 1170 1178 1187 1211 1230 1226 1175 1158 1170 1169
400 378 382 398 416 404 399 398 509 415 422 424 469 577 604 536 414 404 426 455 533 636 804 994 1036 863 612 523 540 585 593 573 703 610 613 570 564 546 613 666 678 672 674 776 974 1012 1080 1198 1267 1252 1215 1227 1259 1229 1238 1246 1202 1236 1183 1172 1169 1167 1190 1238 1229 1195 1200 1208 1195 1203
409 395 385 402 425 422 414 420 394 401 422 474 461 484 592 666 535 406 421 438 491 713 871 920 858 671 580 537 536 555 645 652 637 611 605 611 585 572 584 602 633 649 675 802 913 960 1004 1217 1280 1254 1171 1186 1395 1342 1376 1365 1250 1390 1318 1184 1231 1170 1320 1272 1239 1210 1240 1256 1205 1228
412 402 406 402 414 454 493 415 407 401 423 428 550 550 501 510 570 429 407 421 464 510 782 997 918 686 590 547 539 542 547 583 665 584 596 631 609 589 595 596 627 686 704 886 744 847 887 1052 990 942 1061 1366 1396 1478 1621 1400 1441 1443 1495 1316 1290 1183 1298 1262 1243 1265 1247 1241 1197 1233
433 414 419 418 436 431 411 403 411 437 432 446 491 593 507 510 527 469 434 438 421 546 778 1128 1063 817 610 592 580 584 573 552 580 567 596 602 623 646 632 634 622 689 694 739 707 756 768 770 867 939 973 1275 1451 1620 1535 1454 1527 1598 1464 1319 1325 1214 1270 1264 1273 1297 1257 1256 1245 1300
436 431 426 447 426 412 393 422 431 452 562 573 512 643 650 539 554 584 541 440 442 579 885 1085 1210 826 677 679 638 622 595 571 551 559 579 584 620 720 687 708 632 636 638 653 678 725 817 983 1020 1086 1011 1222 1468 1662 1584 1498 1582 1630 1466 1468 1458 1277 1354 1331 1307 1304 1439 1301 1255 1349
432 442 450 444 416 407 416 438 455 478 490 570 597 710 768 538 554 653 534 640 470 558 734 939 880 881 668 670 605 598 566 563 553 579 613 610 623 659 663 752 682 668 655 660 685 734 808 999 913 1135 1162 1245 1326 1518 1461 1533 1584 1449 1394 1532 1493 1370 1375 1433 1320 1409 1476 1298 1286 1255
450 458 451 437 440 418 412 433 478 487 511 654 713 961 958 766 578 605 541 528 489 506 662 719 738 710 643 653 613 595 577 584 559 558 606 617 601 624 689 799 841 841 805 716 704 748 799 848 888 1009 1175 1161 1299 1289 1303 1234 1300 1316 1405 1607 1489 1397 1402 1412 1338 1430 1474 1270 1441 1335
463 595 631 687 468 431 415 443 464 518 588 738 983 1071 1237 938 643 639 556 503 493 584 576 675 719 740 756 845 722 645 616 587 574 558 562 605 693 638 717 777 734 802 818 711 702 744 758 741 922 1073 1266 1210 1189 1199 1211 1234 1280 1331 1393 1490 1505 1469 1543 1570 1415 1505 1511 1517 1566 1366
477 551 472 478 444 425 418 445 481 525 684 885 1103 1251 1318 1116 883 750 705 560 512 647 734 862 964 1116 842 912 772 663 612 589 589 591 570 614 643 609 638 653 709 757 725 686 798 836 909 896 822 1069 1310 1270 1220 1196 1225 1225 1255 1362 1338 1370 1440 1526 1622 1710 1575 1359 1580 1741 1590 1489
476 472 455 442 434 431 420 439 504 530 702 966 1081 1195 1344 1176 990 754 704 595 654 636 780 824 941 943 778 663 669 626 626 601 600 589 569 574 594 613 629 642 622 637 642 652 851 1013 919 980 846 842 864 1241 1212 1228 1370 1387 1271 1411 1374 1380 1530 1541 1668 1772 1585 1512 1502 1686 1636 1354
459 461 458 445 441 431 431 455 546 649 815 809 1011 1091 1285 1257 1200 857 695 624 688 572 667 674 745 667 661 645 636 607 608 597 600 587 591 596 611 632 691 643 633 761 676 678 786 887 836 897 920 801 811 961 1085 1224 1244 1307 1289 1358 1500 1457 1438 1470 1659 1707 1513 1661 1686 1619 1596 1381
457 450 445 443 432 428 435 514 638 743 1067 1048 1018 1091 1185 1195 1030 1054 736 755 737 644 641 751 785 758 761 766 796 730 648 660 623 595 592 683 688 635 615 665 784 826 746 858 698 786 806 914 970 979 887 843 937 1012 961 1073 1323 1252 1522 1557 1570 1567 1649 1686 1621 1654 1737 1749 1682 1439
452 450 441 435 431 439 454 543 610 731 990 1217 1265 1326 1331 1243 1009 825 777 749 756 751 802 747 708 773 904 873 970 905 665 729 635 611 604 627 710 654 627 641 712 759 914 938 888 854 806 835 1089 1169 1045 936 930 918 927 1036 1133 1261 1476 1604 1794 1723 1707 1884 1853 1818 1852 1854 1609 1451
462 450 443 444 445 451 464 503 594 804 1121 1214 1343 1434 1514 1245 1146 901 976 943 863 775 809 823 766 761 827 1014 993 905 866 862 686 634 643 651 715 660 682 735 730 801 907 981 996 871 892 827 903 1243 1322 1201 983 1036 1062 1195 1105 1149 1275 1470 1654 1579 1711 1782 1910 1875 1848 1833 1783 1444
457 459 445 442 449 458 465 488 593 699 858 1178 1364 1460 1411 1292 973 947 950 870 830 828 807 852 934 898 858 993 898 896 996 963 711 703 726 789 806 679 906 872 794 969 968 1083 1082 1047 1154 971 880 995 1297 1425 1267 1182 1214 1297 1227 1304 1265 1441 1491 1607 1632 1857 1875 1894 1857 1813 1758 1574
456 439 435 440 443 460 475 500 523 625 740 1093 1199 1395 1285 1132 980 943 887 875 880 811 837 836 855 936 980 893 873 929 918 886 779 826 887 960 928 872 803 919 953 945 995 1203 1337 1269 1218 1159 931 1071 1150 1558 1382 1479 1322 1465 1457 1396 1434 1450 1443 1768 1753 1834 1840 1897 1836 1815 1775 1577
440 441 442 447 449 455 466 490 503 530 615 823 937 1147 1084 1078 974 890 880 857 844 835 826 852 875 885 884 870 854 869 879 885 896 893 949 1054 1019 898 875 906 955 999 1233 1385 1387 1459 1497 1387 1182 1082 1127 1280 1484 1640 1663 1711 1791 1448 1581 1663 1586 1605 1744 1777 1849 1909 1780 1770 1549 1361
459 454 442 448 452 458 471 489 506 531 570 666 683 761 821 991 1134 924 914 873 852 840 836 842 854 848 861 843 863 860 863 868 881 876 919 911 930 873 903 1017 990 1073 1347 1538 1733 1697 1544 1395 1179 1097 1385 1356 1397 1538 1735 2012 2089 1934 1816 1771 1840 1849 1705 1788 1799 1737 1541 1530 1353 1188
468 453 437 455 454 467 471 485 500 511 646 672 629 695 872 1100 1148 979 1034 985 934 900 836 824 822 838 848 838 842 854 853 863 859 873 950 943 932 918 912 1033 1034 1188 1307 1492 2150 1961 1687 1342 1279 1124 1252 1390 1474 1609 1817 2042 2160 1978 1855 1814 1842 1775 1779 1799 1796 1747 1590 1390 1246 1111
463 463 463 465 462 475 485 493 506 523 551 917 902 847 1020 1207 1298 1149 1093 911 882 865 839 826 816 827 819 819 826 837 847 849 856 882 953 1092 948 983 1041 1098 1227 1293 1568 1599 2050 2263 1825 1517 1383 1320 1345 1444 1585 1674 2021 2063 1857 1877 1889 1853 1788 1785 1631 1723 1862 1803 1718 1560 1201 1112
475 465 476 460 473 489 514 588 674 627 669 591 712 984 1093 1373 1334 1198 1006 886 869 884 866 862 842 850 844 824 846 843 881 1009 860 883 914 1005 1035 1032 1119 1163 1229 1360 1614 1929 2163 2210 1690 1631 1539 1531 1481 1445 1650 1963 2151 2017 1750 1734 1776 1761 1639 1737 1526 1679 1770 1768 1799 1679 1387 1087
485 525 481 478 494 509 513 673 716 778 839 722 705 816 986 1210 1127 1018 913 945 978 1009 950 1005 946 883 854 836 826 856 962 1111 1048 899 908 955 1090 1150 1092 1114 1189 1283 1423 1793 2183 2341 2083 1845 1816 1714 1733 1665 1823 2058 2110 1821 1695 1627 1624 1689 1491 1484 1518 1446 1768 1754 1676 1535 1370 1096
496 494 484 482 481 497 516 566 661 808 1157 898 855 987 1081 1247 1286 1206 1094 1211 1079 1151 1173 1164 979 889 850 838 832 841 1022 1187 1137 951 949 1009 1292 1261 1206 1158 1239 1335 1440 1716 2255 2372 2332 2302 1988 1873 1993 1971 1933 2102 1962 1860 1727 1640 1560 1608 1610 1458 1424 1436 1620 1739 1650 1375 1195 1198
515 505 500 496 489 493 522 542 831 887 1193 997 988 1197 1348 1503 1520 1384 1392 1346 1319 1317 1248 1148 941 879 861 859 842 860 862 957 952 939 963 1049 1105 1281 1376 1292 1296 1395 1514 1695 2079 2381 2124 2152 1895 1672 1866 1933 1819 1767 1595 1562 1610 1772 1708 1605 1461 1450 1314 1250 1561 1588 1634 1334 1154 1193
537 517 513 556 493 498 631 707 749 854 944 1063 1143 1199 1461 1525 1540 1530 1537 1515 1344 1251 1153 1029 934 900 890 854 865 863 874 869 895 910 949 1004 1130 1199 1356 1480 1415 1550 1636 1828 1998 2227 2265 2051 1752 1690 1698 1681 1683 1629 1532 1492 1707 1788 1783 1692 1628 1532 1413 1278 1459 1478 1205 1214 1095 1131
595 555 540 630 507 516 516 550 562 667 685 784 948 1070 1271 1517 1546 1539 1551 1546 1342 1336 1328 1166 1041 934 900 873 877 887 878 906 938 981 954 995 1081 1132 1219 1410 1576 1651 1933 1867 1896 1897 1709 1901 1581 1556 1468 1450 1528 1443 1486 1407 1558 1716 1674 1636 1644 1599 1573 1145 1426 1209 1181 1096 1061 1082
697 612 561 564 545 543 536 540 580 637 746 897 1092 1217 1373 1533 1505 1547 1551 1581 1502 1438 1500 1548 1053 959 919 901 887 897 897 929 974 1139 1139 1121 1106 1108 1245 1361 1492 1790 1720 1732 1732 1588 1613 1777 1491 1410 1384 1275 1326 1352 1499 1540 1323 1482 1599 1709 1592 1540 1526 1199 1080 1134 1082 1081 1058 1087
703 623 615 612 656 612 606 565 662 754 799 969 1150 1336 1486 1505 1514 1533 1539 1570 1561 1526 1501 1450 1192 1036 959 915 916 939 926 931 1010 1108 1266 1264 1241 1201 1271 1410 1561 1536 1507 1586 1617 1510 1467 1706 1482 1274 1359 1302 1196 1290 1450 1481 1279 1278 1474 1692 1574 1565 1423 1174 1094 1078 1063 1043 1049 1094
751 691 775 779 739 719 651 647 746 856 1005 984 1183 1414 1514 1519 1537 1537 1562 1573 1571 1556 1572 1597 1399 1140 1012 1033 989 956 1017 1193 1169 1206 1313 1432 1332 1331 1384 1441 1447 1459 1439 1584 1654 1498 1370 1404 1533 1176 1284 1334 1281 1237 1304 1363 1229 1232 1472 1661 1447 1350 1239 1093 1072 1046 1057 1038 1042 1031
861 869 903 957 947 913 799 865 793 941 1219 1257 1334 1372 1440 1467 1532 1529 1549 1574 1589 1580 1585 1602 1563 1315 1100 1160 1133 1046 1084 1249 1402 1329 1370 1491 1452 1468 1465 1437 1375 1364 1396 1533 1476 1482 1406 1297 1349 1221 1177 1332 1232 1163 1193 1200 1177 1385 1471 1594 1415 1346 1194 1137 1074 1057 1035 1015 1026 1008
1277 1158 1233 1200 1268 1138 906 1046 927 1153 1294 1449 1453 1466 1503 1457 1500 1527 1542 1556 1578 1563 1580 1597 1604 1566 1271 1360 1268 1258 1194 1214 1512 1601 1522 1471 1437 1416 1380 1404 1396 1377 1485 1623 1423 1414 1423 1316 1236 1213 1274 1303 1176 1128 1130 1137 1179 1330 1428 1376 1484 1397 1179 1178 1117 1056 1026 1037 1049 1046
1539 1556 1397 1449 1286 1152 1029 1126 1083 1238 1517 1531 1505 1547 1546 1482 1512 1561 1529 1562 1570 1576 1586 1571 1609 1609 1556 1552 1552 1535 1443 1358 1426 1615 1616 1533 1475 1462 1443 1445 1420 1285 1418 1505 1377 1351 1289 1215 1163 1141 1257 1215 1179 1106 1091 1135 1217 1373 1425 1213 1319 1239 1162 1236 1167 1091 1076 1053 1051 1055
1544 1550 1577 1575 1597 1441 1508 1496 1536 1309 1539 1538 1527 1511 1553 1554 1586 1554 1571 1562 1562 1556 1566 1575 1583 1588 1561 1556 1571 1558 1558 1535 1650 1676 1771 1587 1427 1340 1305 1333 1314 1297 1343 1411 1359 1367 1293 1276 1269 1167 1145 1146 1154 1126 1105 1125 1155 1245 1288 1162 1148 1098 1098 1109 1208 1099 1098 1073 1075 1079
1500 1525 1554 1572 1563 1541 1564 1570 1565 1558 1562 1551 1519 1548 1543 1551 1573 1529 1530 1555 1545 1540 1566 1571 1577 1585 1572 1579 1570 1586 1587 1639 1673 1708 1750 1638 1497 1381 1339 1274 1275 1263 1283 1294 1331 1316 1303 1216 1165 1198 1132 1083 1105 1088 1094 1146 1182 1390 1130 1169 1091 1073 1075 1088 1130 1116 1106 1107 1094 1110
1522 1520 1571 1564 1550 1561 1562 1564 1563 1570 1546 1550 1544 1555 1534 1523 1525 1551 1574 1548 1571 1574 1565 1579 1577 1589 1587 1597 1655 1698 1613 1624 1655 1718 1776 1714 1540 1452 1376 1299 1266 1269 1238 1276 1305 1285 1386 1222 1178 1084 1086 1072 1083 1153 1141 1118 1280 1335 1097 1112 1077 1050 1055 1061 1112 1112 1088 1097 1107 1074
1491 1469 1510 1554 1557 1546 1561 1559 1561 1565 1550 1519 1544 1540 1519 1564 1558 1577 1572 1576 1587 1578 1583 1557 1556 1569 1590 1617 1678 1698 1694 1713 1745 1721 1748 1801 1638 1556 1334 1304 1281 1400 1359 1306 1226 1246 1262 1245 1201 1118 1122 1146 1074 1071 1146 1198 1279 1124 1091 1124 1085 1042 1040 1081 1132 1103 1074 1076 1071 1073
