Biomod2EZ_SampleData/environmental_layers/meantemp.asc
ncols         70
nrows         67
xllcorner     11.334307508326
yllcorner     6.759130859542
cellsize      0.008333333768
NODATA_value  -9999
-9999 -9999 -9999 -9999 -9999 -9999 -9999 -9999 -9999 -9999 -9999 -9999 -9999 -9999 -9999 -9999 -9999 -9999 -9999 -9999 -9999 -9999 -9999 -9999 -9999 -9999 -9999 -9999 -9999 -9999 -9999 -9999 -9999 -9999 -9999 -9999 -9999 -9999 -9999 -9999 -9999 -9999 -9999 -9999 -9999 -9999 -9999 -9999 -9999 -9999 -9999 -9999 -9999 -9999 -9999 -9999 -9999 -9999 -9999 -9999 -9999 -9999 -9999 -9999 -9999 -9999 -9999 -9999 -9999 -9999 
263 262 262 262 262 262 261 261 262 263 263 263 258 262 263 262 261 261 258 246 242 231 232 253 256 259 261 259 255 258 257 255 252 249 244 235 238 237 237 239 237 231 227 210 197 203 210 214 213 216 219 221 218 221 220 220 218 225 221 220 219 219 218 213 210 216 227 224 223 220 
263 263 263 263 263 263 262 261 260 262 262 262 262 263 263 264 261 261 260 257 252 237 232 234 248 256 257 257 260 259 260 256 254 256 252 246 246 245 245 242 239 236 231 227 215 205 206 214 210 217 218 218 219 219 220 219 219 223 224 222 219 219 216 207 215 224 224 224 224 223 
264 263 263 262 262 262 261 261 259 260 261 261 262 263 263 264 262 260 255 249 235 244 244 248 253 258 259 257 256 257 257 259 259 257 256 250 251 248 247 244 237 234 225 220 214 205 209 216 212 217 218 219 219 219 219 219 218 221 225 223 219 217 211 213 218 219 223 222 222 222 
264 263 263 262 262 261 261 261 260 260 260 260 261 263 263 261 259 252 253 251 247 245 255 255 253 255 257 257 253 255 256 256 258 258 257 254 251 250 248 243 232 230 223 220 219 204 212 217 216 218 218 220 218 218 218 218 219 220 226 219 214 214 208 219 222 222 225 223 222 219 
264 263 263 262 262 262 261 260 260 261 260 260 257 262 263 260 257 249 247 253 257 257 257 244 239 247 255 258 257 255 254 254 254 256 257 255 254 253 248 242 234 239 230 227 224 211 212 216 217 218 218 219 218 218 214 219 219 220 225 221 212 212 216 219 221 221 224 222 221 219 
264 263 263 262 263 262 259 261 262 261 260 259 259 257 263 260 256 254 259 259 257 253 245 235 228 238 249 256 257 256 254 251 251 251 253 255 255 253 250 241 243 244 236 227 215 209 207 215 217 218 219 218 219 217 212 217 217 217 222 221 216 217 220 221 221 222 224 223 221 219 
263 264 263 263 262 263 262 262 262 262 260 259 258 257 262 263 262 261 260 257 257 249 238 225 216 234 249 255 257 256 254 248 244 248 254 255 255 253 251 247 249 248 236 226 214 212 213 214 218 218 218 219 217 219 212 215 219 219 220 221 219 216 218 221 222 221 221 223 222 220 
263 263 263 264 263 263 263 263 262 261 260 259 258 257 257 262 261 260 254 254 253 247 233 221 225 240 254 256 256 256 253 250 245 251 254 255 255 254 253 251 251 246 243 227 221 226 216 216 218 219 219 219 219 221 221 223 223 223 223 223 221 220 221 220 219 219 219 223 223 220 
263 263 263 262 261 262 263 262 261 259 260 259 256 253 251 257 263 261 260 257 248 242 237 227 226 241 251 256 256 254 254 251 246 247 253 253 254 254 254 253 251 249 244 231 232 232 223 220 217 219 219 221 221 220 218 220 222 221 222 223 222 221 221 220 219 219 222 222 222 222 
262 263 263 262 261 262 262 262 256 261 261 261 258 253 251 255 261 262 261 259 255 250 241 231 229 238 251 256 255 252 252 253 246 251 251 253 254 255 251 248 248 248 248 243 232 230 227 221 217 218 220 219 218 219 219 218 220 219 221 222 222 222 221 218 219 221 220 220 220 220 
262 262 263 262 261 261 261 261 262 262 261 258 259 257 252 248 255 262 261 260 257 246 237 235 238 248 253 255 255 254 250 249 250 251 251 251 252 253 253 252 250 249 248 241 236 233 231 220 216 218 222 221 210 213 211 212 218 210 214 221 219 222 214 216 218 220 218 217 220 218 
261 262 262 262 261 259 257 261 262 262 261 260 254 254 257 256 253 260 262 261 259 256 242 231 235 247 252 254 255 255 255 253 248 253 252 250 251 252 252 252 250 247 246 237 244 239 236 229 231 234 228 212 210 206 197 210 207 207 204 214 215 221 215 217 218 216 217 218 220 219 
260 261 261 261 260 260 261 262 262 260 260 260 257 252 256 256 255 258 260 260 261 255 243 225 228 240 251 252 253 253 253 254 253 254 252 252 251 249 250 250 251 247 247 245 246 244 243 243 238 234 233 217 207 198 202 207 203 199 206 214 213 220 216 217 217 215 218 218 218 215 
260 261 261 259 261 262 262 261 260 259 254 253 256 249 249 255 254 253 255 260 260 253 237 227 220 240 248 247 250 251 252 253 254 254 253 253 251 246 247 246 250 250 250 249 248 245 241 232 230 227 231 219 206 195 199 205 200 197 206 206 206 216 212 213 215 215 208 215 218 212 
261 260 260 260 261 262 261 260 259 258 257 253 252 246 243 255 254 249 255 249 258 254 245 234 237 237 248 248 252 252 254 254 254 253 251 251 251 249 249 244 248 248 249 249 247 245 241 231 236 224 222 218 214 204 206 203 199 207 210 202 205 211 211 208 214 209 205 215 216 218 
260 259 260 260 260 261 262 261 258 257 256 249 246 233 234 243 253 252 255 255 257 256 248 246 245 246 249 249 251 252 253 253 254 254 252 251 252 251 247 242 240 240 241 246 246 244 242 239 237 231 222 222 215 216 215 219 215 214 210 198 205 210 210 209 213 208 206 217 207 213 
259 252 250 247 258 261 261 260 259 256 253 245 232 227 218 234 250 250 254 257 257 253 253 248 246 245 244 239 246 250 251 253 253 254 254 252 247 250 246 243 245 241 241 246 247 244 244 245 235 227 217 220 221 220 220 219 216 213 210 205 204 206 202 200 209 204 203 203 200 212 
258 254 258 258 260 261 261 260 258 256 248 237 226 218 214 225 237 244 246 254 256 249 245 238 233 225 239 236 243 248 251 252 252 252 253 251 250 251 250 249 246 244 245 247 242 240 236 237 240 228 215 217 219 221 219 219 218 212 213 211 207 203 197 192 200 212 200 191 199 204 
258 258 259 260 260 261 261 260 257 255 247 233 227 221 213 222 232 244 247 252 249 250 243 240 234 234 243 249 248 250 251 252 252 252 253 253 252 251 250 250 251 250 250 249 239 231 235 232 239 239 238 218 220 219 211 211 217 209 211 211 203 202 195 189 199 204 204 194 197 212 
259 259 259 260 260 261 261 259 255 249 241 241 231 226 216 217 220 239 247 251 247 253 248 248 244 249 249 250 250 252 252 252 252 253 252 252 251 250 247 250 250 244 248 248 242 237 240 237 236 242 241 233 227 219 218 215 216 212 204 207 208 206 195 193 204 195 194 197 199 211 
259 260 260 260 260 261 260 256 250 244 227 229 230 226 221 221 230 229 245 244 245 250 250 244 242 244 244 243 242 245 250 249 251 252 252 247 247 250 251 249 242 240 244 239 247 242 241 236 233 232 237 239 234 231 233 227 214 218 203 201 200 200 196 194 197 196 191 191 194 208 
259 260 260 260 260 260 259 255 251 245 232 220 217 214 214 218 231 240 243 244 244 244 241 244 246 243 236 238 233 236 249 245 250 251 252 251 246 249 251 250 246 244 236 234 237 239 241 240 227 222 229 235 235 236 235 229 224 217 205 198 188 192 193 183 185 186 185 185 198 207 
259 260 260 260 260 260 259 257 252 241 225 220 213 208 204 218 223 236 232 234 238 243 241 240 243 244 240 230 232 236 238 239 248 250 250 249 246 249 248 245 245 241 236 232 231 238 237 240 236 218 214 221 232 230 228 221 226 223 217 206 196 200 192 188 181 184 185 186 188 208 
259 259 260 260 260 259 259 257 252 246 238 222 212 207 209 216 232 234 234 238 240 240 241 239 235 236 238 232 236 236 231 234 246 247 245 242 241 248 236 238 242 233 233 227 227 229 223 233 237 231 215 209 217 222 220 216 219 215 217 207 205 198 197 185 184 183 185 187 190 200 
259 260 260 260 260 259 258 257 256 251 244 226 221 210 216 224 232 234 237 238 237 241 239 240 239 235 232 237 238 235 235 237 243 240 237 234 235 238 241 236 234 234 232 221 213 217 220 223 235 228 223 201 211 206 214 206 207 210 208 207 208 190 190 186 186 183 186 187 189 200 
260 260 260 260 260 259 259 258 257 255 251 240 234 223 227 228 232 237 237 239 239 240 240 239 238 237 237 238 239 238 237 237 236 237 234 228 230 237 238 236 234 231 219 211 211 207 205 211 222 227 224 216 206 197 196 193 189 207 200 195 199 199 191 189 185 181 188 189 201 212 
259 260 260 260 260 259 259 258 256 256 253 248 248 243 240 232 224 235 236 238 239 239 240 239 239 239 238 239 238 238 238 238 238 237 236 236 235 238 237 230 232 227 213 203 192 194 202 210 222 226 211 212 210 202 192 176 172 180 187 189 186 185 193 189 188 191 202 202 212 221 
259 260 260 260 260 259 259 258 257 257 250 248 250 247 238 226 224 232 229 232 235 237 240 240 240 239 239 240 239 239 239 238 239 238 234 234 235 236 236 230 230 221 215 205 168 179 194 213 217 225 218 210 206 198 187 174 168 178 185 187 185 189 189 188 188 191 199 210 218 225 
259 259 259 259 259 258 258 258 257 256 255 235 237 239 230 220 216 224 226 236 237 238 239 240 241 240 241 241 240 240 239 239 238 237 234 227 234 233 229 226 219 216 201 199 174 162 186 204 211 214 213 208 200 195 175 173 185 184 183 185 189 189 197 192 184 187 192 201 221 225 
258 259 258 259 259 258 257 253 248 251 249 253 246 232 226 212 214 221 231 237 238 237 238 238 239 239 239 240 239 239 238 231 239 237 236 231 230 230 225 223 220 212 198 181 168 165 194 197 203 203 206 208 197 179 168 176 191 192 189 190 197 191 203 195 189 189 188 194 211 226 
258 256 258 258 257 257 257 248 246 243 240 246 247 241 232 221 225 230 236 234 232 231 234 231 234 237 239 240 240 239 233 225 229 237 236 234 227 223 227 226 221 216 209 189 167 158 172 185 187 193 192 196 187 173 170 187 194 197 197 194 205 205 203 208 189 190 194 202 211 226 
257 257 258 258 258 257 256 254 249 241 223 237 239 232 227 218 216 221 227 221 227 224 222 223 232 237 239 240 240 240 230 221 224 234 234 231 216 217 221 223 219 213 208 193 163 156 159 160 178 184 177 179 180 171 179 185 192 197 201 198 198 207 209 208 198 191 196 211 221 221 
256 257 257 257 258 257 256 255 240 237 221 232 232 221 213 204 204 211 211 213 215 215 219 224 234 238 239 239 240 239 239 234 234 235 233 229 226 216 211 216 216 210 204 193 173 155 170 168 182 195 184 180 187 190 199 202 199 190 193 199 207 207 215 218 201 199 197 213 223 221 
255 256 256 254 257 257 250 246 244 239 234 228 224 221 207 203 202 203 203 204 213 218 224 230 235 236 237 239 238 238 238 238 237 236 234 231 225 221 212 206 209 202 197 187 177 164 162 174 191 194 193 195 195 197 203 205 193 188 189 194 197 203 209 217 207 206 221 220 226 225 
252 254 255 250 257 256 256 254 254 248 248 242 234 228 217 204 202 202 202 202 213 214 214 223 229 235 236 238 238 237 238 236 235 232 234 232 227 225 220 210 200 196 181 184 183 183 193 182 200 202 206 207 203 208 205 209 202 193 195 197 197 199 201 224 208 220 222 226 228 227 
247 251 254 254 255 255 255 255 253 250 245 237 226 220 212 203 204 202 202 200 204 208 205 202 229 233 236 236 237 237 237 235 233 224 224 225 226 226 219 212 205 189 192 192 192 199 198 189 205 209 211 217 214 212 205 202 214 205 199 193 199 202 203 221 227 224 227 227 228 227 
246 251 251 251 249 251 252 254 249 244 242 233 224 214 205 204 204 203 202 201 201 203 205 208 221 230 233 236 236 234 235 235 231 226 218 218 219 221 217 210 201 203 204 200 198 204 206 193 205 217 212 215 221 216 207 205 216 217 206 194 201 201 209 222 226 227 228 229 229 226 
244 247 243 243 245 246 249 249 244 239 231 232 222 209 204 204 203 203 201 200 201 202 201 199 210 224 231 230 232 234 231 221 222 221 215 208 214 214 211 208 207 207 208 200 196 205 211 210 203 222 216 214 216 219 215 212 219 219 206 195 207 213 219 227 227 229 228 229 229 230 
239 238 236 234 234 236 242 238 242 234 220 218 214 212 208 206 203 203 202 200 200 200 200 199 201 215 226 223 225 229 227 218 210 214 212 205 207 206 206 208 211 212 210 203 206 205 210 216 213 220 222 214 219 223 221 221 222 211 206 200 209 213 221 224 227 228 230 231 230 231 
217 223 219 221 217 224 236 229 235 223 216 208 207 206 204 207 204 203 202 202 200 201 200 199 199 201 217 212 218 218 221 220 204 199 204 207 208 209 211 210 210 211 205 198 209 209 209 215 219 220 217 215 222 225 225 224 222 214 208 211 205 210 222 222 225 228 230 229 229 229 
203 202 210 207 216 223 230 225 227 219 204 203 204 202 202 206 204 201 203 201 201 200 200 201 199 199 202 202 202 203 208 213 209 198 198 203 206 207 208 208 209 217 209 204 211 213 216 220 223 224 218 220 222 226 227 224 220 211 209 220 214 219 223 219 223 227 227 229 229 228 
202 202 201 201 199 208 204 205 203 215 203 203 203 204 202 202 200 202 201 201 201 202 201 200 200 200 201 202 201 201 201 203 196 195 190 200 209 213 216 214 215 216 213 209 212 212 216 217 218 223 224 224 223 225 226 225 223 219 216 223 224 227 227 226 220 226 226 227 227 227 
205 203 202 201 201 203 201 201 201 202 202 202 204 202 203 202 201 203 203 202 202 203 201 201 201 200 201 200 201 200 200 197 195 193 191 197 205 211 213 217 217 218 217 216 214 214 216 220 223 221 225 227 226 227 227 224 222 211 225 223 227 228 228 227 224 225 226 226 226 226 
203 204 201 201 202 202 201 201 202 201 202 202 202 202 203 204 203 202 201 202 201 201 201 201 201 200 200 200 196 194 198 198 196 193 189 193 203 208 212 216 218 218 219 217 216 217 211 220 222 227 227 228 227 224 224 226 217 213 227 226 228 229 229 229 225 225 227 227 226 228 
205 206 204 202 202 202 202 202 201 201 202 204 202 203 204 201 202 201 201 201 200 201 200 202 202 201 200 198 195 194 194 193 191 192 191 188 197 202 214 216 217 210 212 216 220 219 218 219 221 226 225 224 228 228 224 221 217 225 227 225 227 229 230 228 225 226 228 228 228 228 
210 209 205 203 202 203 201 201 199 202 203 203 204 203 203 202 202 202 201 199 199 199 201 202 201 201 199 200 199 196 192 193 192 193 191 189 198 209 214 196 204 203 208 212 216 220 220 219 222 223 218 226 226 226 228 227 225 227 228 227 227 229 230 229 226 228 228 229 228 225 
204 201 204 203 204 201 201 201 200 200 201 202 203 204 203 204 202 202 201 201 199 199 201 202 200 202 200 201 201 200 200 199 196 198 197 195 198 204 201 195 195 198 201 203 213 217 219 221 219 216 217 219 221 224 223 230 229 229 228 228 228 226 231 228 229 228 229 229 227 228 
206 206 206 206 203 203 201 200 200 200 201 202 202 204 205 204 202 204 201 201 201 200 201 203 202 201 200 202 200 197 199 197 198 199 198 192 183 192 197 194 195 200 201 209 213 220 220 221 221 218 217 218 222 225 223 227 230 230 229 229 230 227 231 231 229 229 231 230 229 227 
211 212 212 212 209 207 203 202 202 202 202 201 204 204 203 203 204 204 203 201 201 201 201 202 202 202 202 202 200 200 192 195 198 200 198 188 184 196 202 207 199 201 210 214 217 221 221 222 223 219 219 223 225 227 225 228 228 228 230 230 230 231 228 229 231 230 230 231 229 227 
206 205 202 205 207 206 205 203 202 202 202 202 202 204 207 204 205 204 201 201 201 202 200 201 201 204 202 201 200 201 201 200 201 200 197 189 190 195 198 208 209 212 215 214 217 215 217 221 223 221 219 224 227 227 226 226 228 227 230 229 225 227 228 230 230 231 231 232 229 229 
203 204 204 202 204 204 202 200 203 204 203 205 203 203 207 204 204 203 201 201 202 202 201 202 203 203 201 200 202 201 203 202 202 201 203 197 190 195 197 206 215 217 218 218 215 214 217 221 223 221 221 223 227 229 227 226 227 227 230 227 227 223 228 228 229 230 231 230 232 232 
205 204 203 204 203 203 202 202 202 203 203 204 205 205 207 204 205 203 202 201 203 202 203 203 205 201 201 201 201 205 205 202 204 201 208 201 193 203 203 216 217 218 218 219 218 218 219 221 221 222 222 224 229 227 228 229 228 228 230 229 228 228 227 228 229 231 231 230 230 232 
206 205 205 203 203 203 202 202 202 202 204 204 205 206 207 205 202 201 202 201 204 202 205 203 201 201 201 200 201 204 209 209 204 205 214 203 205 210 215 213 217 218 218 219 220 220 219 219 220 225 227 225 227 226 225 227 228 228 228 228 228 228 229 229 231 231 229 231 231 230 
207 205 203 204 204 204 201 203 203 203 206 205 206 208 204 204 204 202 204 203 202 202 205 203 202 202 201 203 203 206 208 211 214 209 212 206 213 214 215 214 217 218 217 217 220 220 219 219 221 222 222 224 225 220 223 224 226 226 227 227 227 229 230 230 230 229 229 230 231 231 
210 204 203 205 203 202 201 202 204 205 205 208 206 207 205 202 203 202 205 204 206 204 204 203 202 201 201 202 202 203 204 202 211 214 212 210 215 216 214 218 218 219 220 220 221 220 219 220 220 220 221 224 225 222 221 222 225 226 227 228 226 227 229 229 229 229 228 229 229 231 
210 208 206 205 205 203 203 202 201 204 203 206 207 204 204 204 203 204 206 204 203 202 202 203 203 203 203 202 201 201 199 204 208 214 215 211 214 217 214 217 219 220 220 221 221 220 219 220 220 221 221 222 223 222 221 222 226 227 227 227 226 227 227 227 227 229 228 227 230 232 
212 211 204 203 204 204 204 202 202 202 205 206 208 206 206 204 204 205 206 205 201 203 203 204 204 202 201 201 200 200 207 213 215 216 214 216 218 217 213 213 214 219 220 220 220 220 219 220 220 221 223 222 224 223 223 224 226 228 228 228 227 227 228 226 227 227 226 226 228 230 
210 208 207 202 206 203 203 202 204 204 205 207 206 207 206 205 207 206 207 205 204 207 205 205 204 202 201 203 201 199 205 205 208 206 207 210 218 218 218 213 217 218 219 221 220 220 220 220 220 221 222 224 224 224 226 227 227 228 229 228 228 228 228 227 227 228 228 227 229 229 
211 209 207 204 205 206 202 202 204 204 206 207 209 207 205 206 206 206 205 205 204 204 206 206 204 202 203 204 200 200 201 200 204 191 196 201 212 219 219 217 216 219 220 222 221 220 220 220 220 221 222 224 226 225 226 226 228 227 228 228 230 229 229 228 226 224 228 227 227 229 
215 210 205 205 204 204 203 204 203 204 207 207 207 209 209 207 205 206 205 203 202 203 204 205 206 206 204 203 200 197 196 199 194 190 194 196 203 221 221 216 217 218 220 222 221 220 221 221 221 221 222 223 226 222 224 223 222 225 227 228 230 230 229 229 227 229 228 229 229 227 
212 213 207 209 204 203 204 205 205 206 207 208 209 207 206 207 207 205 203 202 201 201 204 202 205 202 202 201 199 196 195 195 199 191 199 201 211 219 222 218 219 219 220 221 222 221 221 221 220 221 222 224 224 222 222 223 223 225 227 228 229 230 230 230 229 230 230 230 230 230 
209 208 208 208 205 207 206 206 205 207 210 209 205 207 205 206 205 207 205 203 201 202 203 204 204 200 200 194 197 196 196 199 204 203 206 207 216 217 220 222 220 221 221 221 222 221 222 221 221 221 223 224 224 223 224 225 225 226 227 229 229 229 229 228 227 228 229 229 229 230 
213 213 215 208 203 204 208 208 209 210 208 206 206 205 204 206 206 204 206 205 203 204 205 206 204 195 199 195 185 192 196 205 211 215 205 212 220 219 220 222 220 219 220 222 222 221 222 222 221 221 222 223 225 225 227 227 227 227 228 228 228 229 228 227 226 226 227 228 230 231 
216 217 216 212 208 208 208 210 210 209 208 207 207 204 204 205 206 206 207 206 205 205 205 207 204 194 195 191 191 190 198 201 214 215 217 219 217 218 221 222 217 220 221 222 222 222 222 223 222 221 221 222 225 226 225 225 226 227 227 227 228 229 227 227 227 227 228 228 229 231 
215 217 217 217 216 216 207 208 205 205 204 206 205 204 204 207 209 207 205 205 204 209 207 207 207 195 198 188 191 192 192 197 202 211 219 219 216 218 221 222 222 221 221 221 221 223 223 222 222 222 221 221 222 224 225 226 226 226 227 227 227 227 226 227 228 228 228 228 229 230 
214 214 215 217 216 216 207 205 207 204 204 205 204 203 208 211 210 207 205 205 206 208 206 207 204 199 200 195 193 193 192 199 208 211 217 217 218 221 221 221 220 222 221 221 221 221 222 223 221 221 220 221 224 225 226 227 226 227 228 228 228 228 226 226 229 230 229 230 230 231 
