Biomod2EZ_SampleData/environmental_layers/ndvigrnbrn.asc
ncols         70
nrows         67
xllcorner     11.334307508326
yllcorner     6.759130859542
cellsize      0.008333333768
NODATA_value  -9999
[rows 0 to 44 of 67, columns 0 to 69 of 70]
-9999 -9999 -9999 -9999 -9999 -9999 -9999 -9999 -9999 -9999 -9999 -9999 -9999 -9999 -9999 -9999 -9999 -9999 -9999 -9999 -9999 -9999 -9999 -9999 -9999 -9999 -9999 -9999 -9999 -9999 -9999 -9999 -9999 -9999 -9999 -9999 -9999 -9999 -9999 -9999 -9999 -9999 -9999 -9999 -9999 -9999 -9999 -9999 -9999 -9999 -9999 -9999 -9999 -9999 -9999 -9999 -9999 -9999 -9999 -9999 -9999 -9999 -9999 -9999 -9999 -9999 -9999 -9999 -9999 -9999
3442 3467 4483 4303 3081 3099 2897 2539 3475 2355 2960 2817 2031 2042 2335 2670 2643 2632 2557 2223 3795 2641 2779 2348 1501 1839 1127 1107 1427 1874 1498 1788 1612 1581 1702 1982 2492 3787 4183 3615 3958 3633 3912 4419 4615 4783 3398 2924 2829 2899 2633 2667 3654 4419 4419 3322 3186 3056 2299 2375 2635 3738 4127 3629 3261 3178 2877 4263 4239 5144
3038 3385 3556 4370 3373 4070 3131 3438 3601 2758 3122 2385 2136 2158 2877 2819 2620 2449 2908 2314 2962 3420 3428 2906 2858 3188 1043 958 1652 1459 1562 1307 1061 1137 2433 3757 2382 2865 3391 3510 2922 3232 3038 3480 5196 2956 2847 2822 2535 2181 2800 2727 3368 3831 4003 3338 2122 2122 2222 2447 2541 2362 3850 4143 2914 2574 2446 4865 5188 4114
3923 4295 3987 4334 3595 3723 3080 2883 3230 2864 2342 1849 2180 2870 2788 2518 2300 2537 2309 3226 2709 2938 2999 3745 4217 3265 2961 1319 1517 1403 1833 1547 2154 1507 1868 2174 3213 3441 3663 2238 3177 3138 2628 3345 4501 2466 2705 4404 3836 3147 3747 3740 3641 3516 2657 2715 2601 2488 2471 2581 2581 2593 3589 3363 4695 2719 3720 4647 4088 3507
4474 3266 3298 3588 4276 4106 3657 2907 3241 3053 2609 2311 2634 2604 2178 2035 2160 2291 1932 2841 2500 2383 2573 2118 1806 3294 2313 3128 1095 1062 1738 2211 2066 1861 2006 2004 2344 1394 1218 2510 2698 2833 3382 3589 3314 4708 2936 3651 4271 4546 3922 3467 3725 2896 2625 2622 2679 2226 2968 2662 3200 3078 2811 3282 3282 3426 3136 4174 3810 3801
2740 3117 4103 3633 2594 3517 3728 2653 2706 2705 2573 2484 2230 2243 2568 2602 2166 1949 1721 2105 2494 2567 2627 3410 3010 2078 1706 1882 1434 1930 2434 2717 2025 2058 1956 2728 2025 2081 1616 2943 3879 3561 3931 2961 4822 3790 2879 3627 3931 3679 3922 3444 3288 2466 2516 2423 1743 2528 2761 2562 3114 3695 3170 3132 3520 3668 3793 3793 3629 3327
3237 3338 3776 3902 3034 2818 2882 2316 3032 2642 1761 2012 2235 2110 2207 2585 2196 1774 2829 2607 2369 1926 2498 1976 3186 3489 2431 1978 1331 2680 2597 1980 1673 1829 1954 2052 2129 2433 1846 2037 2458 3662 3132 2767 2271 3185 2664 3493 4085 4192 4262 4320 3988 2552 2457 2347 2388 2239 3247 2803 2673 3368 3058 3120 3140 3476 3430 3593 3538 3103
3005 3010 2451 3293 2931 3289 3040 3183 2650 2208 2044 2196 2165 2455 2053 2666 2347 1822 2149 2474 1943 1708 3365 2983 3073 4656 2350 2223 1561 2710 2699 1550 2183 1866 2279 2569 2161 2299 1977 1728 2367 3307 3046 2178 3146 3021 3001 3545 4015 4037 4005 4159 4094 2738 2516 2544 2398 2184 2545 2975 2632 3026 3113 2979 3012 3239 3280 3593 4385 3070
2705 2874 2380 2461 2931 3143 3700 2891 2666 2019 2066 2058 2113 2660 2019 2607 2606 2285 2358 2403 1959 1623 3393 2282 4167 4545 3494 2909 2156 2099 2145 1640 2565 2327 2271 2465 2374 2505 2326 2071 1722 1910 2065 3080 3782 3692 2406 3428 3117 3425 3070 3435 4202 2619 2635 2513 2601 2528 2579 3024 2860 3356 3275 2557 2666 3079 3098 3198 3103 2872
2966 3383 2514 2293 2570 2884 3096 2551 2431 2212 2371 2462 2085 2732 2390 1826 2355 2157 2633 2150 2172 2038 3041 2149 3105 3531 3573 2529 1448 1996 1894 1275 1105 2393 2270 2279 2442 2387 2405 2248 2002 1995 2031 2197 3805 4127 3944 2758 2436 3177 3766 3139 2991 3153 3711 3722 3551 3186 3348 2968 2761 2872 2832 2525 2650 2502 2953 3079 2936 2747
2817 3558 2685 2981 2822 2513 1791 2321 2925 2628 2272 1987 1965 2680 1325 2164 2158 2310 2435 1989 1683 1945 4401 2668 3766 3578 3538 3518 1665 2082 1805 1192 1166 2602 2825 2195 2271 2040 1993 2050 1216 1215 1328 1658 2089 1799 1915 2591 2660 3977 3869 3514 3739 3543 3512 3987 3633 3638 3620 3482 3856 3092 2966 2789 2557 4701 4229 4688 4799 3633
2493 2610 3412 3045 2546 2246 2037 1775 2267 2382 1921 1791 2153 2871 1266 2113 2516 1894 1754 1845 1661 2383 1942 3330 2994 3012 2762 1920 1624 1821 1740 1443 1022 2440 2918 1959 1804 1751 3255 1830 1773 1107 1573 1706 2278 3039 3399 2351 2069 3305 3194 3329 3886 3604 4164 3929 3557 3618 3312 3675 3721 3897 3729 2641 2550 3612 3778 3868 4429 4209
1753 2971 3512 2249 1643 1869 1908 2144 2319 2031 1961 2284 2297 2251 2020 1724 1365 1611 2062 1382 1653 1194 1228 2222 2907 926 2953 1254 1048 1285 1958 1919 1607 1685 3216 3265 1872 1529 1237 1258 1462 2004 1023 1927 2425 3374 2909 5847 3530 3064 4229 3000 3670 4123 3484 3692 3606 3532 3404 3439 3417 3385 2855 3361 2874 2942 3784 3886 4675 4456
2065 2150 1936 1772 1455 1271 1894 2319 2320 2005 2670 2196 2640 2023 1954 1084 1616 1562 1680 2047 1547 1100 1469 2322 2247 1133 1113 1908 916 974 1073 1285 1354 1720 2685 1979 2603 1876 3431 1692 2395 1192 2011 1404 2609 3542 2372 3087 3808 3660 2802 2985 3249 2807 3510 3876 3955 4069 3240 3385 3196 3154 2579 2469 3583 3881 3378 2435 3933 3519
1688 1916 1531 1094 1788 1628 2085 2980 1960 1813 2103 1808 1607 1263 1365 1402 1093 1445 1150 1536 1484 1316 1074 2457 1567 1572 1030 1034 675 733 1158 1345 1579 1625 2697 1452 2150 2545 2016 1850 1352 1257 1708 2127 1377 2291 1715 1717 2764 3448 2664 2449 3183 3092 4102 4076 4127 4268 4539 4152 3420 2459 3682 3535 3788 2999 3512 2433 3147 3547
1270 1356 2053 1341 1853 2024 2236 1391 1794 1369 1956 1858 2498 1470 1590 1640 917 1063 1149 1941 1806 1317 1962 2485 2973 3880 4305 1975 1580 1067 1397 1811 2183 1716 2994 1174 1045 905 949 1498 1149 1133 1521 1867 2201 1689 2563 3242 3338 3712 3186 2927 3300 3057 4037 4273 4791 4017 4313 4784 3738 3817 3353 3791 3166 3016 3067 2716 1997 3260
1500 1330 1339 1201 1295 1211 1552 1265 1630 1730 1730 1600 1704 1627 1969 1546 1205 1172 1689 1605 1320 1142 2118 3197 695 4105 5039 3287 2033 1314 1241 1689 2138 2632 1748 1591 2867 1910 893 1191 1904 1812 1131 1588 1683 1335 1290 1001 2240 2704 3477 2884 3172 3232 3356 3459 3427 3361 3557 4842 4276 4256 5260 3802 3667 3265 3210 3470 2820 3035
1375 1538 1809 2042 1908 1226 1760 1249 1471 1222 1691 2317 2861 1777 1947 2224 1126 1693 905 1109 764 2678 879 2256 1564 1064 1979 1127 1706 1742 1344 1507 2432 2713 2515 1860 1741 1117 1071 2221 1168 1971 2214 1215 1058 1146 1246 2495 3372 2074 2850 2150 2340 3279 3167 2948 3621 3845 3556 3733 4098 4465 4341 4065 3539 3511 3705 3425 3114 3587
2208 3078 2706 2912 4869 2116 2295 1480 1319 1559 2240 3370 2841 2073 2707 2750 2900 1105 896 744 1222 2644 1008 1456 2114 2791 2261 1850 3300 1023 2386 2124 2001 2144 3628 3323 1561 1294 1398 1515 1090 1699 865 1777 2139 1701 1919 1176 1699 2039 1885 2540 3284 3609 3535 3497 3665 3842 3577 3336 3928 3803 3880 4147 3145 3300 3391 3341 3179 3087
2523 1136 1902 2800 1187 2774 2166 1835 1738 2436 2309 2345 2672 2124 2982 3164 3867 3311 2157 998 1197 1243 3599 1263 1741 3301 2310 2690 4293 3240 2844 4007 1702 1754 1973 2483 2000 1300 923 874 1868 2842 2365 1744 1644 3114 2738 999 2058 1218 3066 3376 2927 2834 3913 4211 4442 3628 4120 3710 3911 3221 2823 3382 2769 2938 3519 3679 3293 3018
2116 1521 1639 1657 2231 1877 1616 1708 1769 2399 3379 2347 2901 2880 3621 3592 3273 3322 1803 785 802 1858 996 1438 1496 2273 2560 2362 4355 4376 1771 1848 2065 1851 2395 2458 2486 1800 1520 1260 1225 2758 1818 1978 2660 2797 3133 3171 3130 1897 2842 4560 2226 3342 3565 4145 4148 4039 3549 4172 4108 3786 3495 3404 2748 2902 3733 3527 3595 3427
3811 1688 1951 1612 1903 1965 1971 1647 1371 1749 2303 2988 2690 2103 2271 2044 3788 4356 2840 1516 1368 1802 2095 2241 2109 1408 1178 1316 1406 1118 1772 2963 2064 1770 1529 2318 1691 1804 2325 1232 1439 1737 1683 1925 1416 2358 2267 2548 3215 1974 2331 3113 2412 2490 3174 3482 3622 3279 3275 3782 4157 3822 3844 2990 2508 2799 2792 3032 3329 3439
3471 2293 1889 2748 3053 3229 2007 2012 1674 3154 2952 3082 2915 2936 2306 2695 2935 3420 1485 3028 1696 2711 2072 1724 2092 2593 1039 1654 1414 1062 1179 1473 3078 1288 1519 1810 1031 811 1149 1359 1185 1247 1586 3039 2636 1680 921 2026 2794 2528 2647 2271 3178 4159 4025 1933 3556 3103 3173 3578 3953 3775 3572 3291 2385 3197 2981 2667 3037 3283
2455 2765 2135 2352 2164 2287 1954 2243 2211 1437 4003 3418 4344 4207 3580 3156 2593 3049 2139 3201 3745 3204 1836 1194 979 1354 2941 2494 2493 1611 1908 1355 722 1586 1491 1572 845 921 1110 1481 1473 1401 2229 2269 2622 2281 1222 2738 1574 3549 2786 2959 3104 2966 3016 3154 4032 4568 4971 3019 3120 2782 3034 2603 2661 3197 2999 3175 3364 3601
2555 2555 2366 2116 1962 1922 1994 1884 1845 1522 3864 2938 3326 4906 6393 4684 3133 3880 2735 3981 2936 2564 1555 1332 1274 1451 1867 2655 3401 3498 3880 4267 1687 1183 1216 871 760 947 1301 2923 2461 2223 2475 3261 2382 2380 3164 2275 3267 4407 4247 3031 4393 5128 5184 4078 4238 3550 3320 3187 2377 2959 5229 3088 3945 3301 3319 3379 3361 3451
2415 2781 2359 2068 2068 2196 2730 2884 2250 2203 2970 3444 3321 5088 4550 2858 2874 3076 3048 3881 4231 3075 1801 1957 1566 1528 2441 2535 1890 2956 2750 2675 2819 2562 512 768 754 1800 2187 1991 1951 2297 2763 2523 2569 3502 2895 2180 3604 4233 3830 3948 3302 4254 4469 5468 4630 3497 2265 3093 2260 3122 2433 3233 4650 3186 3298 3177 3169 3100
2941 3003 2640 2978 2827 2647 2595 1510 1510 1291 1775 3008 2843 5055 4136 1918 2964 3312 4065 2908 2336 3657 2117 1802 2109 1931 2477 2383 3497 3610 2937 2962 2844 1884 1256 3090 1198 2176 2663 2306 2282 3083 3501 3545 3884 2880 4609 4208 4015 3037 4407 4547 3842 5422 5665 6394 5799 3220 3752 2887 2929 3256 3817 3472 3703 3385 3422 3129 3368 3217
3731 3096 2961 2944 3363 3454 3038 2320 2136 2146 3237 3237 2408 4256 4076 4470 3654 3290 2914 2849 2613 2685 3424 2732 3036 2544 2485 3635 3954 4215 4339 4656 4474 2690 1503 948 1095 2704 2423 1257 1779 2858 3472 3636 2866 4213 4779 3909 3357 3826 2969 6661 4717 4976 5307 5868 6246 4139 3425 3429 2875 3841 4477 3943 3537 3672 3114 2812 3422 3415
3558 2765 2740 3266 3612 3607 3675 3447 3156 2434 2258 2198 1677 3276 3276 4469 2139 2061 2915 2318 2591 2225 3361 3322 3396 3782 4272 4200 4317 4292 4503 4754 4343 4325 3587 2557 2307 2242 1999 2002 3022 2776 3584 4511 4217 5914 5182 5546 3420 2395 3660 4258 4276 4155 4012 4337 5121 4830 4249 3797 2476 2573 2544 2929 3767 2815 2878 3725 3051 2805
3462 3308 3230 3232 3220 3386 3744 3197 3078 2566 2069 3320 2364 2736 3692 3137 3050 3050 2481 3120 4360 2908 2070 2742 3654 3992 4264 3806 4453 4550 4687 4907 4780 4272 3518 2657 1827 1641 1748 2635 2933 3142 2714 4001 6134 6410 5719 3973 3570 3742 3176 4586 3682 4021 3181 5259 5948 4259 3043 2550 2835 2627 3225 3245 3099 3554 2739 3484 3559 3373
2862 3218 3696 3158 2874 3585 3852 3177 2698 2552 2216 4221 3992 4793 3112 3648 5207 5816 3000 3837 3837 3661 2603 4000 3685 3982 3938 4131 4349 4279 4445 4516 4403 4449 4119 2589 2255 1867 1847 3672 3380 4024 4537 5647 6667 6842 5170 5559 3253 4917 4680 4606 4154 5166 5397 6303 5007 2598 3079 2535 2702 2910 3232 3652 3137 2542 3157 1959 2492 3269
2263 2709 2954 3009 3071 3407 3139 3263 2021 2433 2817 3048 3238 3152 3173 3076 5207 5389 4787 4977 4759 4278 3426 3406 3406 3411 3804 4062 4384 4603 4737 4464 4303 3955 3750 3137 2185 2747 774 2438 3202 4371 4539 5986 6833 6518 3312 6397 4662 4458 2770 4818 3847 3988 6164 3753 2947 2944 2608 2384 2063 2561 3454 3522 3229 2106 3310 2667 2375 2933
2092 2505 2778 3423 3011 3150 2891 2366 2585 3769 3794 3253 2857 1941 3165 3691 3853 4020 2550 5757 3864 2595 5262 2656 2654 3203 3804 3804 4512 4652 4506 4256 3938 3665 3784 3337 2049 1182 2513 2962 2268 3552 4685 5829 6445 6446 3313 5310 6133 5024 5218 5508 4343 5190 6581 4017 3265 2883 2350 2589 2708 2284 2976 3278 3651 3140 2779 2559 3026 2897
1732 2415 2428 2789 3367 3769 3374 3180 3415 3100 3517 3338 2356 3369 3832 3835 3211 3114 2995 3718 4568 2196 2117 3024 2761 3272 4042 4370 4692 4422 4422 4315 3765 3647 3296 3741 2614 3613 3313 2831 3456 3065 2905 3145 5727 7068 4042 3411 3955 3026 4577 5525 4909 5261 5093 3283 3577 3169 2774 2729 2971 2449 3019 3408 3854 3642 2725 2714 3239 2785
1376 2222 2790 2889 3297 3571 3239 2608 2500 1814 3754 5812 2607 2390 3565 2939 2871 3517 3926 3407 4336 2703 2837 3106 2892 3314 4470 4494 4306 4360 4068 3563 3546 3414 3414 3744 3044 2166 4516 5649 4358 3580 4337 4517 5133 5723 4953 2910 3240 4149 3666 3890 3325 3378 2963 2869 3342 2907 2960 3268 2690 2648 2826 3506 3665 3707 2830 2258 2782 2898
1785 2049 2461 2102 2230 3047 3007 3130 2280 2583 3395 4172 5482 4208 3468 3339 3846 2725 4153 3889 3451 4149 4834 4876 3367 3834 4588 3996 4226 3975 4111 3867 3443 4238 3973 3885 2899 2899 3458 3423 3764 3601 3808 4478 5949 6095 4022 2163 2661 3473 4103 3461 2893 3026 3098 3046 3484 3439 2966 2945 2916 2713 3071 2845 3241 3123 3294 2965 2570 3035
2506 2131 2020 2294 2607 2068 2720 2816 3089 2825 3152 4128 2914 4724 3930 4786 4244 3725 3838 3600 3787 4586 4985 3899 3708 3832 4089 4274 4209 3957 4061 3744 3326 3201 3616 3865 3334 3416 3104 3275 3275 3779 3260 4308 5358 4313 2958 2590 2958 3587 3938 4068 3639 3395 2731 3279 3135 3096 3386 3467 2589 2511 2526 2604 2358 2951 2857 2675 2767 3288
2939 2610 2388 1918 2325 2234 1778 2452 2828 2777 2614 3803 2920 4372 4013 3395 3106 3178 3086 3281 3300 3206 4128 3939 3690 3855 3898 4130 5289 3824 3834 3693 3512 2971 3631 3369 3660 3214 3074 3577 3487 4012 3303 3303 3126 3136 2475 2147 2926 3229 3444 4039 4096 3794 3266 3382 2852 2573 2608 2967 2503 2628 3353 2953 2539 2514 2535 2657 3569 3023
2801 2543 2398 1999 2064 2009 2007 3573 2601 2721 3184 3342 4050 3794 4012 3432 3588 3241 3212 4201 3746 3108 3893 3643 3608 3931 3736 3940 4038 3713 4179 3470 3018 3216 3737 3972 2066 3178 3334 3292 3562 3720 3343 2673 2419 3100 2919 2919 3267 3168 4131 3173 3122 4113 3017 3283 2853 2630 2304 2595 3293 2625 3176 2775 2198 2996 3104 3429 3626 3329
2621 2692 2656 2282 2545 3347 2590 3317 2951 2540 2800 3265 4265 4016 3689 3647 3759 3311 3728 2756 3215 3612 4260 3486 3557 4266 3611 3700 3884 3501 3252 2874 3334 2191 5441 4378 3284 3470 3817 3038 2993 3175 3257 3509 2891 3068 3463 3809 3817 3100 3100 3161 2410 2350 2921 2933 2861 2362 1853 2850 2383 2945 2993 2601 2318 2578 3621 3534 3466 4151
3679 1533 1485 2752 4892 2908 2733 4036 2329 3974 2768 5048 4204 2337 2372 3055 3859 3169 3022 3008 2924 3860 3551 3179 3587 3737 3550 3365 3673 3280 3208 2837 3138 2562 4703 3806 3570 2886 2867 3224 3194 3271 3393 3362 2679 3083 2674 3774 3709 2907 3985 2185 1688 2100 2100 2912 2470 2844 2024 2863 3077 2917 3053 2546 2643 3297 3732 4139 4086 4398
2898 3467 3976 5490 5442 4990 5357 4238 4533 4070 4777 3896 3190 3349 3363 2694 3400 2903 2807 2871 3044 3192 3492 3457 3244 2515 4216 4025 3931 3218 3241 3234 3758 3900 4173 3588 2630 3461 3007 3072 3325 3288 3063 3312 3016 2897 3111 3174 3425 3357 3261 2183 2233 2416 3865 2816 2633 2633 2399 3121 3274 3403 3096 2477 2572 2826 3042 3772 4099 4096
2938 2660 4020 3228 4473 5462 4453 3434 4318 4194 3985 3509 3107 2906 3220 3355 3059 3012 3154 3140 3256 3358 3481 3428 3442 3157 3361 2964 3479 3664 3232 3844 4408 3079 2427 2822 2686 2803 2993 2598 2706 2882 3084 2504 2381 2372 2665 3227 3401 2752 3536 3156 3484 3848 4157 3164 2621 2684 2822 2628 2628 2552 2862 3194 3902 3960 2937 2691 2786 3201
3566 3336 3299 3267 3181 4120 3479 3356 3487 3513 3289 3662 2954 2674 3098 3452 3165 3125 3168 2993 3597 4298 3439 3428 3652 3366 3334 3291 2784 3062 3328 3304 3208 3177 3417 3170 2754 2694 2649 2611 3038 3671 3452 3292 2509 2616 2863 2755 2649 2446 2925 3360 3469 3198 3787 3045 2375 2387 2481 2434 2542 3243 3560 3150 3150 3643 3284 2312 2508 3265
3852 3565 3547 3536 3313 3304 3624 3110 2489 3369 3829 3776 3590 3459 3793 3767 3424 2831 3165 3311 3366 3332 3078 3776 3750 3668 3450 3280 2606 2725 3096 2748 2492 3303 3237 2803 2677 2590 2976 3061 2964 4566 3635 3442 2828 2149 2516 2795 2351 2512 2907 3696 5053 4459 3999 3026 2523 2389 2495 2651 3090 3056 3644 2617 2493 2060 2069 2069 2061 2136
