Biomod2EZ_SampleData/environmental_layers/precip2.asc
ncols         70
nrows         67
xllcorner     11.334307508326
yllcorner     6.759130859542
cellsize      0.008333333768
NODATA_value  -9999
-9999 -9999 -9999 -9999 -9999 -9999 -9999 -9999 -9999 -9999 -9999 -9999 -9999 -9999 -9999 -9999 -9999 -9999 -9999 -9999 -9999 -9999 -9999 -9999 -9999 -9999 -9999 -9999 -9999 -9999 -9999 -9999 -9999 -9999 -9999 -9999 -9999 -9999 -9999 -9999 -9999 -9999 -9999 -9999 -9999 -9999 -9999 -9999 -9999 -9999 -9999 -9999 -9999 -9999 -9999 -9999 -9999 -9999 -9999 -9999 -9999 -9999 -9999 -9999 -9999 -9999 -9999 -9999 -9999 -9999 
9 9 9 9 9 9 9 9 9 9 9 9 9 9 9 9 9 9 9 12 13 14 14 10 9 9 9 9 9 9 9 9 9 11 11 13 13 13 13 13 13 14 14 18 21 19 17 17 17 16 16 16 16 16 16 16 16 14 14 14 16 15 16 16 16 16 13 14 14 14 
9 9 9 9 9 9 9 9 9 9 9 9 9 9 9 9 9 9 9 9 11 13 14 14 11 9 9 9 9 9 9 9 9 9 10 11 11 11 11 12 13 13 14 14 17 19 19 17 17 16 16 16 16 16 16 16 16 14 14 14 16 16 16 17 16 14 14 14 14 14 
9 9 9 9 9 9 9 9 9 9 9 9 9 9 9 9 9 9 11 12 14 13 13 12 11 9 9 9 9 9 9 9 9 9 9 11 10 11 11 11 13 13 14 16 17 19 18 17 17 16 16 16 16 16 16 16 16 14 14 14 16 16 17 16 16 14 14 14 14 14 
9 9 9 9 9 9 9 9 9 9 9 9 9 9 9 9 9 11 11 11 12 13 10 9 11 10 9 9 11 9 9 9 9 9 9 9 11 11 11 12 14 14 16 16 16 19 18 16 17 16 16 16 16 16 16 16 16 16 14 16 16 16 17 16 14 14 14 14 14 14 
9 9 9 9 9 9 9 9 9 9 9 9 11 9 9 9 10 12 13 11 9 9 9 13 13 12 10 9 9 9 10 10 9 9 9 9 9 10 11 13 14 13 14 14 16 18 18 17 17 16 16 16 16 16 17 16 16 16 14 16 17 17 16 16 14 14 14 14 14 15 
9 9 9 9 9 9 11 9 9 9 9 9 9 11 9 9 11 11 9 9 9 11 13 14 15 14 12 9 9 9 10 11 11 11 10 9 9 10 11 13 13 12 13 14 18 19 19 17 17 16 16 16 16 16 17 16 16 16 16 16 16 16 16 16 14 14 14 14 14 16 
10 9 9 9 9 9 9 9 9 9 9 10 11 11 9 9 9 9 9 10 10 12 14 17 19 14 12 10 9 10 10 12 13 11 10 9 9 10 11 11 11 11 13 15 18 18 18 18 17 17 17 16 16 16 18 17 16 16 16 16 16 16 16 16 14 16 14 14 14 15 
10 9 9 9 9 9 9 9 9 9 11 11 11 11 11 9 9 9 11 11 11 13 14 18 17 13 11 10 10 10 11 11 13 11 10 10 9 10 10 11 11 11 13 15 16 15 18 18 17 16 16 16 16 16 16 16 16 16 15 16 16 16 16 16 16 16 16 14 14 16 
11 10 10 11 11 9 9 9 10 11 11 11 11 12 12 11 9 9 9 11 13 13 14 17 17 13 12 10 10 11 11 11 13 12 11 11 10 10 10 10 11 11 13 14 14 14 16 16 18 17 16 16 16 16 16 16 16 16 16 16 16 16 16 16 16 16 16 14 14 14 
11 11 11 11 11 11 10 9 12 10 10 10 11 12 12 12 9 9 9 10 11 12 13 15 16 14 12 11 11 11 11 11 13 11 11 11 10 10 11 11 11 11 11 13 14 14 15 16 18 18 16 17 17 16 16 17 16 16 16 16 16 16 16 16 16 16 16 16 16 16 
12 11 11 11 11 11 11 11 10 10 11 11 11 11 12 13 12 9 9 10 11 13 14 14 14 13 12 11 11 11 12 12 12 11 11 11 11 11 11 11 11 11 11 13 14 14 14 18 18 18 16 16 19 18 19 18 17 19 17 16 16 16 17 16 16 16 16 16 16 16 
12 12 11 11 11 12 12 11 11 10 11 11 12 12 12 12 12 10 9 9 10 11 13 15 14 13 12 11 11 11 11 11 13 11 11 12 11 11 11 11 11 12 13 14 13 13 14 15 14 14 15 19 19 20 22 19 19 19 19 17 17 16 17 16 16 16 16 16 16 16 
12 12 12 12 12 12 11 11 11 11 11 11 12 13 12 12 12 11 10 10 10 12 14 18 17 14 12 12 12 12 11 11 11 11 11 11 12 12 11 11 11 13 13 13 13 13 13 13 13 14 14 18 19 22 21 19 21 21 19 18 18 16 17 17 17 17 16 16 16 17 
12 12 12 12 12 12 11 12 12 12 13 13 12 13 13 12 12 13 12 10 10 12 14 18 19 14 13 13 13 12 12 11 11 11 11 11 12 13 13 13 11 11 11 11 12 13 13 14 14 16 14 18 20 22 22 20 21 22 19 19 19 17 18 18 17 17 19 17 16 17 
12 12 12 12 12 12 12 12 12 12 12 13 13 13 14 12 12 13 12 13 11 12 13 15 14 14 13 13 12 12 12 12 11 12 12 12 12 13 13 13 13 13 12 12 13 13 13 14 14 17 17 18 19 21 20 21 21 19 19 21 20 19 19 19 18 19 19 17 17 16 
12 12 12 12 12 12 12 12 12 12 12 13 14 16 16 14 13 13 12 12 12 12 13 13 13 13 13 13 13 12 12 12 12 11 12 12 12 12 13 13 14 14 13 13 13 13 13 14 14 15 18 18 18 18 18 18 18 18 19 22 20 19 19 19 18 19 19 17 19 17 
12 13 13 14 12 12 12 12 12 13 13 14 17 18 19 16 13 13 13 12 12 13 13 13 13 13 14 14 13 13 13 12 12 12 12 12 13 13 13 13 13 13 14 13 13 13 13 13 14 16 18 18 18 18 18 18 18 19 19 20 20 19 21 21 19 20 20 20 21 18 
13 13 12 12 12 12 12 12 12 13 14 16 18 20 20 18 15 14 13 13 12 13 14 14 16 18 14 15 14 13 13 12 12 12 12 13 13 12 13 13 13 13 13 13 13 14 14 14 13 16 19 18 18 18 18 18 18 19 19 19 19 21 22 23 21 19 21 23 21 19 
13 13 12 12 12 12 12 12 13 13 14 18 18 19 20 19 18 14 14 13 13 13 14 14 16 16 14 13 13 13 13 13 13 13 12 12 12 13 13 13 13 13 13 13 14 15 14 15 14 14 14 18 18 18 19 19 18 19 19 19 21 21 22 23 21 21 20 22 22 18 
13 13 13 12 12 12 12 12 13 13 15 14 18 19 20 20 19 15 14 13 13 13 13 13 14 13 13 13 13 13 13 13 13 13 13 13 13 13 13 13 13 13 13 13 13 14 14 14 14 13 13 14 17 18 18 19 19 19 21 20 20 20 22 23 21 22 22 22 21 19 
13 13 13 12 12 12 12 13 13 14 18 18 18 19 19 19 18 18 14 14 14 13 13 14 14 14 14 14 14 14 13 13 13 13 13 13 13 13 13 13 14 14 13 14 13 14 14 14 15 15 14 14 14 15 14 16 19 18 21 22 22 22 22 23 22 22 23 23 22 19 
13 13 13 12 12 12 13 13 13 14 18 20 20 22 22 20 18 15 14 14 14 14 14 14 14 14 16 15 17 16 13 14 13 13 13 13 13 13 13 13 13 14 15 15 14 14 14 14 18 18 17 14 14 14 14 16 18 18 21 22 25 23 23 27 26 26 26 26 22 19 
13 13 13 13 13 13 13 13 13 16 19 20 23 24 24 20 19 16 18 17 16 14 14 14 14 14 14 18 18 16 15 15 13 13 13 13 13 13 13 14 13 14 15 16 17 14 14 14 14 19 19 18 15 17 17 18 17 18 19 21 23 22 23 25 27 26 26 26 23 19 
13 13 13 13 13 13 13 13 13 14 16 20 23 24 24 21 18 18 18 16 16 15 14 16 16 16 16 18 16 16 18 17 14 14 14 14 14 13 15 14 14 16 16 18 18 18 18 16 14 17 19 21 19 18 18 19 18 19 19 20 21 22 22 26 27 27 26 26 23 22 
13 13 13 13 13 13 13 13 13 14 14 19 20 24 22 19 18 18 16 16 16 15 16 16 16 17 18 16 16 16 16 16 14 14 16 17 16 15 14 16 16 16 17 19 20 19 19 18 15 18 18 22 20 22 19 21 21 20 20 21 20 25 25 26 26 27 26 26 24 22 
13 13 13 13 13 13 13 13 13 13 14 16 18 19 19 19 18 16 16 16 16 16 16 16 16 16 16 16 16 16 16 16 16 16 17 18 18 16 15 16 16 17 19 21 21 22 22 20 19 18 18 19 22 24 24 25 26 21 22 23 22 22 25 25 26 27 25 25 22 19 
13 13 13 13 13 13 13 13 13 13 13 14 14 15 16 18 19 18 18 16 16 16 16 16 16 16 16 16 16 16 16 16 16 16 16 16 16 16 16 18 18 18 20 24 25 25 24 21 19 18 20 20 20 22 25 29 32 28 27 25 27 27 24 26 26 24 22 22 19 18 
13 13 13 13 13 13 13 13 13 13 14 14 14 14 16 19 20 18 19 18 18 16 16 16 16 16 16 16 16 16 16 16 16 16 17 17 16 16 16 18 18 19 20 23 33 29 25 20 19 18 19 21 22 24 27 31 32 28 27 27 27 25 25 26 26 25 22 20 18 17 
13 13 13 13 13 13 13 13 13 13 13 18 18 16 19 21 22 20 19 18 16 16 16 16 16 16 16 16 16 16 16 16 16 16 18 19 17 18 18 19 19 20 24 24 32 36 27 24 21 20 20 22 24 25 31 32 27 27 27 27 26 26 23 25 27 26 24 22 18 18 
13 13 13 13 13 13 13 14 14 14 14 14 15 18 19 24 23 21 19 17 16 16 16 16 16 16 16 16 16 16 16 18 16 16 16 18 18 18 19 19 20 23 25 29 33 35 25 25 24 24 23 22 25 29 33 31 25 25 26 25 24 25 22 24 25 25 26 23 20 17 
13 14 13 13 13 13 13 14 16 16 17 16 15 16 19 21 20 19 18 18 18 19 18 18 18 16 16 16 16 16 18 19 19 16 16 18 19 19 19 19 19 21 23 27 34 38 32 28 27 25 26 25 27 32 32 27 25 24 24 25 22 22 22 21 25 25 24 22 20 18 
14 14 13 13 13 13 14 14 14 16 21 18 17 19 19 22 22 21 19 21 19 21 21 21 18 17 16 16 16 16 18 21 19 18 18 18 21 21 20 19 21 23 23 27 37 39 38 37 31 28 31 30 29 32 29 28 25 24 24 24 24 22 21 21 24 25 24 20 18 18 
14 14 14 14 13 13 14 14 17 18 22 19 19 21 24 25 25 24 24 24 23 23 22 21 18 17 16 16 16 16 16 18 18 18 18 19 19 21 23 21 21 23 24 26 33 39 33 33 28 25 28 29 27 27 24 24 24 27 25 24 22 22 20 19 22 23 24 20 18 18 
14 14 14 14 14 14 14 16 16 18 19 19 21 22 25 25 26 25 25 25 24 22 21 19 18 18 18 16 16 16 16 16 18 18 18 18 19 21 23 24 23 25 25 28 32 36 37 32 27 25 25 25 25 25 24 23 25 27 27 25 24 23 21 19 22 22 19 19 18 18 
14 14 14 16 14 14 14 14 14 16 16 16 19 21 22 25 26 26 26 26 24 24 23 21 19 18 18 17 17 18 17 18 18 18 18 18 19 19 21 24 25 26 30 29 30 30 27 29 25 24 24 23 24 23 23 23 24 25 25 25 25 24 24 19 22 19 19 18 18 18 
16 16 14 14 14 14 14 14 14 15 16 18 21 22 24 26 25 26 26 26 25 25 25 26 19 18 18 18 18 18 18 18 18 21 21 20 19 19 21 23 24 28 27 27 27 25 25 28 24 23 23 21 22 23 24 24 20 23 24 25 24 24 24 19 18 18 18 18 18 18 
16 16 16 16 16 15 14 14 16 16 17 19 21 24 25 26 26 26 26 26 26 26 25 25 21 19 18 18 18 18 18 18 19 20 22 22 21 21 22 24 25 25 24 25 25 24 24 27 24 21 23 21 19 21 23 24 20 20 23 25 24 24 22 19 18 18 18 18 18 18 
17 16 17 17 16 16 16 16 16 18 19 19 22 25 26 26 26 26 26 26 26 26 26 26 24 21 19 19 19 18 19 21 21 21 23 24 23 23 24 24 24 24 24 25 26 24 23 23 24 21 21 23 21 21 21 23 20 20 23 25 23 21 19 18 18 18 18 18 18 18 
19 19 19 19 19 19 17 18 17 19 22 24 24 25 25 25 26 26 26 26 26 26 26 26 26 24 21 21 21 20 21 22 24 23 24 25 24 24 24 24 24 23 24 25 24 24 24 23 23 21 21 23 21 20 21 21 19 23 24 25 23 21 19 19 18 18 18 18 18 18 
24 22 23 22 24 22 19 21 19 22 24 25 25 26 26 25 26 26 26 26 26 26 26 26 26 26 23 24 23 23 22 22 25 26 25 25 24 24 24 24 24 24 24 26 24 24 24 23 21 21 21 23 21 19 19 19 20 23 23 23 24 23 19 19 19 18 18 18 18 18 
28 28 25 26 24 22 21 22 21 24 26 26 26 26 26 26 26 26 26 26 26 26 26 26 27 27 26 26 26 26 25 24 24 26 26 25 25 25 24 24 24 23 24 25 24 23 23 21 21 21 21 21 21 19 19 20 21 23 23 21 22 20 19 20 19 19 18 18 18 18 
28 28 28 28 29 26 27 26 28 24 28 28 26 26 28 28 28 26 27 26 26 26 26 26 26 26 26 26 26 26 26 26 28 28 30 26 24 24 23 24 23 23 23 24 24 24 23 23 23 21 21 21 21 20 20 20 20 21 21 20 19 19 19 19 20 19 19 18 18 18 
28 28 28 28 28 28 28 28 28 28 28 28 27 28 28 28 28 26 26 26 26 26 26 26 26 26 26 26 26 26 26 28 29 29 30 26 25 24 24 23 23 23 23 23 23 23 23 21 21 21 21 20 20 20 20 21 21 23 20 21 19 19 19 19 19 19 19 19 19 19 
28 28 28 28 28 28 28 28 28 28 28 28 28 28 28 27 27 28 28 27 28 28 28 28 28 28 27 27 29 29 27 27 29 29 30 29 26 25 24 23 23 23 23 23 23 23 24 21 21 20 20 20 20 21 21 20 23 23 20 20 19 19 19 19 19 19 19 19 19 19 
28 28 28 28 28 28 28 28 28 28 28 28 28 28 28 28 28 28 28 28 28 28 28 27 27 28 28 28 29 30 29 30 30 30 30 30 28 26 24 24 23 24 24 23 23 23 23 23 21 21 21 21 20 20 21 21 23 20 20 20 19 19 19 19 19 19 19 19 19 19 
27 27 28 28 28 28 29 28 30 28 28 28 28 28 28 28 28 28 28 29 29 29 28 28 28 28 28 28 28 29 30 30 30 30 30 30 26 25 24 28 25 25 25 24 23 23 23 23 21 21 23 21 21 20 20 20 21 20 20 20 20 19 19 19 19 19 19 19 19 19 
28 30 28 28 28 29 30 30 30 30 28 28 28 28 28 28 28 28 28 28 29 29 28 28 28 28 28 28 28 28 28 29 29 28 29 29 27 26 26 29 29 26 26 26 24 23 23 23 23 23 23 23 21 21 21 20 20 20 20 20 20 20 19 19 19 19 19 19 19 19 
28 28 28 28 28 28 29 30 30 30 28 28 28 28 28 28 28 28 28 28 28 28 28 28 28 28 28 27 28 29 29 29 29 28 29 30 33 30 29 29 29 26 26 25 24 23 23 23 23 23 23 23 21 21 21 21 20 20 20 20 19 20 19 19 19 19 19 19 19 19 
27 27 27 27 27 28 28 29 29 29 28 29 28 28 28 28 28 28 28 28 28 28 28 28 28 28 28 28 28 28 30 30 29 28 29 31 31 29 26 25 26 26 25 24 24 23 23 23 21 23 23 21 21 21 21 21 20 20 20 19 19 19 20 19 19 19 19 19 19 19 
28 28 29 28 28 28 28 28 29 28 28 28 28 28 27 28 28 28 28 28 28 28 28 28 28 28 28 28 28 28 28 28 28 28 29 31 30 30 29 25 25 24 24 24 24 24 24 23 23 23 23 21 21 21 21 21 20 21 20 20 21 20 20 19 19 19 19 18 19 19 
29 29 29 29 29 28 29 30 29 28 28 28 28 28 28 28 28 28 28 28 28 28 28 28 28 28 28 28 28 28 28 28 28 28 27 29 31 30 29 26 24 24 24 24 24 24 24 23 23 23 23 23 21 21 21 21 21 21 20 21 21 21 20 20 19 19 19 19 18 18 
29 29 29 29 29 29 29 29 29 28 29 28 28 28 28 28 28 28 28 28 28 28 28 28 28 28 28 28 28 27 27 28 27 28 27 28 30 27 27 24 24 24 24 24 24 24 23 23 23 23 23 22 21 21 21 21 21 21 20 20 21 21 21 20 20 19 19 19 19 18 
29 29 29 29 29 29 30 29 29 29 28 28 28 28 28 28 28 29 28 28 28 28 28 28 28 28 28 29 28 28 27 27 27 27 25 27 27 25 24 25 24 24 24 24 23 23 23 23 23 21 21 21 21 21 21 21 21 21 21 21 21 21 20 20 19 19 20 19 19 19 
28 29 29 29 29 29 30 29 29 29 28 28 28 28 28 28 28 29 28 28 28 28 28 28 28 28 28 28 28 27 27 26 26 27 26 27 25 25 24 25 24 24 24 24 24 23 24 24 23 23 23 23 22 23 23 23 21 21 21 21 21 21 20 20 20 20 20 19 19 19 
28 29 29 29 29 30 30 30 29 28 28 28 28 28 28 29 28 29 28 28 28 28 28 28 28 28 28 28 28 28 28 28 26 26 26 26 26 24 25 24 24 24 24 24 23 24 24 24 23 23 23 23 23 23 23 23 23 21 21 21 21 21 21 21 21 20 21 20 19 19 
28 28 29 29 29 29 29 30 30 29 29 28 28 28 28 28 29 28 28 28 28 29 29 28 28 28 28 28 28 28 30 28 27 26 26 26 26 25 26 24 24 24 24 24 24 24 24 24 24 23 23 23 23 23 23 23 21 21 21 21 21 21 21 21 21 21 21 21 19 19 
28 28 29 29 29 29 29 30 30 29 29 29 28 28 28 29 28 28 28 28 30 28 29 28 28 28 29 29 30 30 27 26 26 26 26 26 25 25 26 26 26 24 24 24 24 24 24 24 24 23 23 23 23 23 23 23 23 21 21 21 21 21 21 21 21 21 21 21 21 19 
28 28 29 31 29 29 29 30 29 29 29 28 28 28 28 29 28 28 28 28 28 28 28 28 28 29 29 28 30 30 28 28 27 28 27 27 25 25 25 26 25 25 25 24 25 24 24 24 24 24 23 23 23 23 23 21 21 21 21 21 21 21 21 21 21 21 21 21 21 21 
28 29 29 29 29 29 31 30 29 29 29 28 28 28 29 28 28 28 28 28 29 28 28 28 28 29 28 28 30 30 30 30 28 31 30 28 27 25 25 26 26 25 25 25 25 25 25 25 25 24 23 23 23 23 23 23 21 23 21 21 21 21 21 21 21 21 21 21 21 21 
27 28 29 29 29 29 30 29 29 29 29 28 28 28 28 28 29 28 29 29 29 29 29 28 28 28 28 28 30 30 31 30 31 31 31 30 28 25 25 26 26 25 25 25 25 25 25 25 25 25 25 24 23 23 23 23 23 23 21 21 21 21 21 21 21 21 21 21 21 21 
28 28 29 29 30 30 29 29 29 29 29 28 28 28 29 28 28 29 29 29 30 30 29 29 28 29 29 30 30 31 31 31 30 32 30 28 27 26 25 26 25 25 25 25 25 25 25 25 25 25 25 24 24 24 23 23 23 23 23 21 21 21 21 21 21 21 21 21 21 21 
29 29 29 29 29 29 29 29 29 29 28 28 29 29 29 29 29 29 29 29 30 29 29 29 29 30 30 31 31 31 31 30 28 28 28 28 26 26 25 25 25 25 25 25 25 25 25 25 25 25 25 24 24 24 24 24 24 23 23 21 21 21 21 21 21 21 21 21 21 21 
28 28 28 29 31 30 29 29 29 28 29 29 29 29 29 29 29 29 29 29 29 29 29 28 29 31 31 31 34 32 31 28 27 26 28 27 25 26 25 25 25 26 25 25 25 25 25 25 25 25 25 25 24 24 24 24 23 23 22 22 22 21 21 22 22 22 21 21 21 21 
28 27 28 28 29 29 29 28 28 28 29 29 29 29 29 29 29 29 29 29 29 29 29 28 29 32 31 32 32 32 31 30 27 26 26 26 26 26 25 25 26 25 25 25 25 25 25 25 25 25 25 25 24 24 24 24 24 23 23 23 22 21 22 22 22 22 21 21 21 21 
28 28 27 27 27 27 29 29 29 30 30 29 29 29 29 29 28 29 29 29 29 28 29 28 28 32 31 33 32 32 32 31 29 27 26 26 26 26 25 25 25 25 25 25 25 25 25 25 25 25 25 25 25 25 24 24 24 23 23 23 23 22 23 22 22 21 21 21 21 21 
28 28 28 28 28 28 29 30 29 30 30 29 30 31 29 28 28 29 29 29 29 28 29 28 29 31 31 32 32 32 32 31 28 27 26 26 26 26 26 26 26 25 25 25 25 25 25 25 25 25 25 25 25 24 24 23 24 23 22 22 22 22 22 22 21 21 21 21 21 21 
