Biomod2EZ_SampleData/environmental_layers/qscatmean.asc
ncols         70
nrows         67
xllcorner     11.334307508326
yllcorner     6.759130859542
cellsize      0.008333333768
NODATA_value  -9999
[rows 0 to 42 of 67, columns 0 to 69 of 70]
-9999 -9999 -9999 -9999 -9999 -9999 -9999 -9999 -9999 -9999 -9999 -9999 -9999 -9999 -9999 -9999 -9999 -9999 -9999 -9999 -9999 -9999 -9999 -9999 -9999 -9999 -9999 -9999 -9999 -9999 -9999 -9999 -9999 -9999 -9999 -9999 -9999 -9999 -9999 -9999 -9999 -9999 -9999 -9999 -9999 -9999 -9999 -9999 -9999 -9999 -9999 -9999 -9999 -9999 -9999 -9999 -9999 -9999 -9999 -9999 -9999 -9999 -9999 -9999 -9999 -9999 -9999 -9999 -9999 -9999
-825 -825 -824 -824 -816 -816 -816 -807 -807 -803 -804 -804 -802 -802 -798 -798 -798 -797 -797 -795 -795 -790 -790 -790 -787 -787 -780 -780 -780 -781 -781 -788 -788 -803 -803 -803 -816 -816 -834 -834 -834 -854 -854 -878 -878 -878 -896 -896 -905 -905 -910 -910 -914 -918 -918 -921 -921 -921 -928 -928 -933 -933 -939 -939 -939 -935 -935 -924 -924 -924
-827 -827 -824 -824 -824 -816 -816 -807 -807 -804 -804 -804 -802 -802 -798 -798 -798 -797 -797 -795 -795 -790 -790 -790 -787 -787 -780 -780 -780 -781 -781 -788 -788 -788 -803 -789 -801 -801 -812 -812 -812 -834 -834 -862 -862 -862 -884 -884 -903 -903 -914 -914 -914 -918 -918 -921 -921 -921 -928 -928 -933 -933 -939 -939 -939 -935 -935 -924 -924 -924
-827 -827 -824 -824 -824 -816 -816 -807 -807 -804 -804 -804 -802 -802 -798 -798 -798 -793 -793 -791 -791 -788 -788 -788 -783 -783 -776 -776 -776 -778 -778 -782 -782 -782 -789 -789 -801 -801 -812 -812 -812 -834 -834 -862 -862 -862 -884 -884 -903 -903 -914 -914 -914 -918 -918 -921 -921 -921 -928 -938 -942 -942 -942 -944 -944 -944 -944 -933 -933 -933
-826 -826 -824 -824 -824 -812 -812 -805 -805 -802 -802 -802 -801 -801 -797 -797 -797 -793 -793 -791 -791 -788 -788 -788 -783 -783 -776 -776 -776 -778 -778 -782 -782 -782 -789 -789 -801 -801 -812 -812 -812 -834 -823 -849 -849 -849 -876 -876 -902 -902 -915 -915 -915 -922 -922 -928 -928 -928 -938 -938 -942 -942 -942 -944 -944 -944 -944 -933 -933 -933
-826 -826 -824 -824 -824 -812 -812 -805 -805 -802 -802 -802 -801 -801 -797 -797 -797 -793 -793 -791 -791 -791 -788 -788 -780 -780 -775 -775 -775 -775 -775 -779 -779 -779 -785 -785 -794 -794 -804 -804 -804 -823 -823 -849 -849 -849 -876 -876 -902 -902 -902 -915 -915 -922 -922 -928 -928 -928 -938 -938 -942 -942 -942 -944 -944 -944 -944 -937 -937 -937
-826 -826 -824 -824 -824 -812 -812 -798 -798 -797 -797 -797 -796 -796 -792 -792 -792 -792 -792 -790 -790 -790 -789 -789 -780 -780 -775 -775 -775 -775 -775 -779 -779 -779 -785 -785 -794 -794 -804 -804 -804 -823 -823 -849 -849 -849 -876 -876 -902 -897 -897 -913 -913 -922 -922 -932 -932 -932 -941 -941 -949 -949 -949 -949 -949 -944 -944 -937 -937 -937
-819 -819 -813 -813 -813 -805 -805 -798 -798 -798 -797 -797 -796 -796 -792 -792 -792 -792 -792 -790 -790 -790 -789 -789 -780 -780 -775 -775 -775 -775 -775 -775 -775 -775 -784 -784 -790 -790 -790 -800 -800 -812 -812 -833 -833 -833 -865 -865 -897 -897 -897 -913 -913 -922 -922 -932 -932 -932 -941 -941 -949 -949 -949 -949 -949 -944 -944 -937 -937 -937
-819 -819 -813 -813 -813 -805 -805 -798 -798 -798 -797 -797 -796 -796 -786 -786 -786 -788 -788 -788 -788 -788 -788 -788 -786 -786 -779 -779 -779 -775 -775 -775 -775 -775 -784 -784 -790 -790 -790 -800 -800 -812 -812 -833 -833 -833 -865 -865 -897 -897 -897 -913 -913 -922 -922 -932 -932 -932 -942 -942 -947 -947 -947 -949 -949 -943 -943 -943 -939 -939
-810 -810 -804 -804 -804 -803 -803 -798 -798 -798 -792 -792 -787 -787 -786 -786 -786 -788 -788 -788 -788 -788 -788 -788 -786 -786 -786 -779 -779 -775 -775 -775 -775 -775 -784 -784 -790 -790 -790 -791 -791 -799 -799 -819 -819 -819 -846 -846 -885 -885 -885 -909 -909 -920 -920 -932 -932 -932 -942 -942 -947 -947 -947 -949 -949 -943 -943 -943 -939 -939
-810 -810 -804 -804 -804 -803 -803 -798 -798 -798 -792 -792 -787 -787 -786 -786 -786 -788 -788 -788 -788 -788 -790 -790 -790 -790 -790 -786 -786 -780 -780 -778 -778 -778 -779 -779 -784 -784 -784 -791 -791 -799 -799 -819 -819 -819 -846 -846 -885 -885 -885 -909 -909 -920 -920 -920 -932 -932 -942 -942 -947 -947 -947 -947 -947 -943 -943 -943 -939 -939
-810 -810 -804 -804 -796 -795 -795 -791 -791 -791 -784 -784 -783 -783 -783 -781 -781 -784 -784 -788 -788 -788 -790 -790 -790 -790 -790 -786 -786 -780 -780 -778 -778 -778 -779 -779 -784 -784 -784 -791 -791 -799 -799 -819 -819 -819 -827 -827 -862 -862 -862 -897 -897 -920 -920 -920 -931 -931 -943 -943 -945 -945 -945 -947 -947 -943 -943 -943 -939 -939
-803 -803 -796 -796 -796 -795 -795 -791 -791 -791 -784 -784 -783 -783 -783 -781 -781 -784 -784 -788 -788 -788 -790 -790 -790 -790 -790 -786 -787 -780 -780 -778 -778 -778 -778 -778 -777 -777 -777 -780 -780 -788 -788 -788 -802 -802 -827 -827 -862 -862 -862 -897 -897 -920 -920 -920 -931 -931 -943 -943 -945 -945 -945 -947 -947 -943 -943 -943 -939 -939
-803 -803 -803 -796 -796 -795 -795 -791 -791 -791 -784 -786 -788 -788 -788 -787 -787 -783 -783 -789 -789 -789 -791 -791 -790 -790 -790 -787 -787 -780 -780 -778 -778 -778 -778 -778 -777 -777 -777 -780 -780 -788 -788 -788 -802 -802 -827 -827 -862 -862 -862 -897 -897 -911 -911 -911 -928 -928 -936 -936 -942 -942 -942 -945 -945 -943 -943 -943 -941 -941
-799 -799 -799 -793 -793 -787 -787 -787 -787 -787 -786 -786 -788 -788 -788 -787 -787 -783 -783 -789 -789 -789 -791 -791 -790 -790 -790 -787 -787 -780 -780 -780 -778 -778 -778 -774 -771 -771 -771 -769 -769 -775 -775 -775 -785 -785 -804 -804 -836 -836 -836 -877 -877 -911 -911 -911 -928 -928 -936 -936 -942 -942 -942 -945 -945 -943 -943 -943 -941 -941
-799 -799 -799 -793 -793 -787 -787 -787 -787 -787 -786 -786 -788 -788 -788 -787 -787 -783 -789 -790 -790 -790 -790 -790 -789 -789 -789 -786 -786 -780 -780 -780 -776 -776 -774 -774 -771 -771 -771 -769 -769 -775 -775 -775 -785 -785 -804 -804 -836 -836 -836 -877 -877 -911 -911 -911 -928 -928 -936 -936 -929 -936 -936 -942 -942 -943 -943 -943 -938 -938
-799 -800 -800 -796 -796 -793 -793 -793 -793 -793 -793 -793 -793 -793 -793 -790 -790 -789 -789 -789 -790 -790 -790 -790 -789 -789 -789 -786 -786 -780 -780 -780 -776 -776 -774 -774 -771 -771 -771 -769 -769 -775 -775 -762 -772 -772 -783 -783 -810 -810 -810 -849 -849 -892 -892 -892 -918 -918 -929 -929 -929 -936 -936 -942 -942 -943 -943 -943 -938 -938
-800 -800 -800 -796 -796 -793 -793 -793 -793 -793 -793 -793 -793 -793 -793 -790 -790 -789 -789 -789 -790 -790 -790 -790 -789 -789 -789 -785 -785 -778 -778 -778 -772 -772 -764 -764 -761 -761 -761 -761 -761 -762 -762 -762 -772 -772 -783 -783 -783 -810 -810 -849 -849 -892 -892 -892 -918 -918 -929 -929 -929 -936 -936 -942 -942 -943 -943 -943 -937 -937
-800 -800 -800 -796 -796 -793 -793 -793 -804 -804 -806 -806 -804 -804 -804 -801 -801 -795 -795 -795 -792 -792 -790 -790 -789 -789 -789 -785 -785 -778 -778 -778 -772 -772 -764 -764 -761 -761 -761 -761 -761 -762 -762 -762 -772 -772 -783 -783 -783 -810 -792 -826 -826 -865 -865 -865 -901 -901 -921 -921 -921 -933 -933 -938 -938 -943 -943 -943 -937 -937
-806 -806 -806 -805 -805 -803 -803 -803 -804 -804 -806 -806 -804 -804 -804 -801 -801 -795 -795 -795 -792 -792 -790 -790 -789 -789 -789 -785 -785 -778 -778 -778 -771 -771 -761 -761 -761 -758 -758 -756 -756 -755 -755 -755 -759 -759 -775 -775 -775 -792 -792 -826 -826 -865 -865 -865 -901 -901 -921 -921 -921 -933 -933 -938 -938 -943 -943 -943 -937 -937
-806 -806 -806 -805 -805 -803 -803 -803 -804 -804 -806 -806 -804 -804 -804 -809 -809 -801 -801 -801 -797 -797 -794 -794 -790 -790 -790 -786 -786 -778 -778 -778 -771 -771 -761 -761 -761 -758 -758 -756 -756 -755 -755 -755 -759 -759 -775 -775 -775 -792 -792 -826 -826 -865 -865 -865 -901 -878 -911 -911 -911 -928 -928 -938 -938 -938 -943 -943 -940 -940
-816 -816 -816 -818 -818 -812 -812 -812 -814 -814 -816 -816 -814 -814 -814 -809 -809 -801 -801 -801 -797 -797 -794 -794 -794 -790 -790 -786 -786 -778 -778 -778 -771 -771 -761 -761 -761 -758 -758 -754 -754 -752 -752 -752 -755 -755 -770 -770 -770 -786 -786 -811 -811 -843 -843 -843 -878 -878 -911 -911 -911 -928 -928 -938 -938 -938 -943 -943 -940 -940
-816 -816 -816 -818 -818 -812 -812 -812 -814 -814 -816 -816 -814 -814 -814 -809 -809 -801 -801 -801 -797 -797 -801 -801 -801 -798 -798 -794 -794 -784 -784 -784 -775 -775 -764 -764 -764 -757 -757 -754 -754 -752 -752 -752 -755 -755 -770 -770 -770 -786 -786 -811 -811 -811 -843 -843 -878 -878 -911 -911 -911 -928 -928 -938 -943 -943 -947 -947 -942 -942
-816 -816 -816 -818 -818 -824 -824 -824 -819 -819 -818 -818 -818 -820 -820 -816 -816 -808 -808 -808 -806 -806 -801 -801 -801 -798 -798 -794 -794 -784 -784 -784 -775 -775 -764 -764 -764 -757 -757 -754 -754 -752 -752 -752 -755 -755 -770 -774 -774 -791 -791 -811 -811 -811 -836 -836 -867 -867 -897 -897 -897 -926 -926 -943 -943 -943 -947 -947 -942 -942
-825 -825 -825 -825 -825 -824 -824 -824 -819 -819 -818 -818 -818 -820 -820 -816 -816 -808 -808 -808 -806 -806 -801 -801 -801 -798 -798 -794 -794 -805 -805 -805 -789 -789 -773 -773 -773 -765 -765 -757 -757 -757 -757 -757 -764 -764 -774 -774 -774 -791 -791 -811 -811 -811 -836 -836 -867 -867 -897 -897 -897 -926 -926 -943 -943 -943 -947 -947 -942 -942
-825 -825 -825 -825 -825 -824 -824 -824 -819 -819 -818 -818 -819 -820 -820 -820 -820 -822 -822 -822 -821 -821 -821 -821 -821 -822 -822 -815 -815 -805 -805 -805 -789 -789 -773 -773 -773 -765 -765 -757 -757 -757 -757 -757 -764 -764 -774 -774 -774 -791 -791 -811 -811 -811 -840 -840 -869 -869 -899 -899 -899 -930 -930 -945 -945 -945 -949 -949 -945 -945
-830 -833 -833 -830 -830 -825 -825 -825 -821 -821 -819 -819 -819 -820 -820 -820 -820 -822 -822 -822 -821 -821 -821 -821 -821 -822 -822 -815 -815 -815 -805 -805 -789 -789 -773 -773 -790 -777 -777 -773 -773 -773 -778 -778 -787 -787 -794 -794 -794 -807 -807 -822 -822 -822 -840 -840 -869 -869 -899 -899 -899 -930 -930 -945 -945 -945 -949 -949 -945 -945
-830 -833 -833 -830 -830 -825 -825 -825 -821 -821 -819 -819 -819 -820 -820 -820 -820 -820 -822 -838 -840 -840 -847 -847 -847 -850 -850 -848 -848 -848 -830 -830 -811 -811 -790 -790 -790 -777 -777 -773 -773 -773 -778 -778 -787 -787 -794 -794 -794 -807 -807 -822 -822 -822 -840 -840 -869 -869 -869 -899 -899 -932 -932 -946 -946 -946 -948 -948 -944 -944
-830 -833 -830 -830 -830 -827 -827 -827 -823 -823 -824 -824 -824 -825 -825 -833 -833 -833 -838 -838 -840 -840 -847 -847 -847 -850 -850 -848 -848 -848 -830 -830 -811 -811 -790 -790 -790 -777 -777 -773 -773 -773 -778 -801 -811 -811 -821 -821 -821 -831 -831 -840 -840 -840 -859 -859 -885 -885 -885 -910 -910 -932 -932 -946 -946 -946 -948 -948 -944 -944
-830 -830 -830 -830 -830 -830 -827 -827 -823 -823 -824 -824 -824 -825 -825 -833 -833 -833 -838 -838 -840 -840 -847 -847 -847 -850 -873 -868 -868 -868 -856 -856 -833 -833 -809 -809 -809 -793 -793 -794 -794 -794 -801 -801 -811 -811 -811 -821 -821 -831 -831 -840 -840 -840 -859 -859 -885 -885 -885 -910 -910 -932 -932 -946 -946 -946 -948 -948 -941 -941
-830 -830 -830 -830 -830 -830 -827 -827 -823 -821 -828 -828 -828 -837 -837 -851 -851 -851 -857 -857 -862 -862 -868 -868 -868 -873 -873 -868 -868 -868 -856 -856 -833 -833 -833 -809 -809 -793 -793 -794 -794 -794 -801 -801 -811 -811 -811 -821 -821 -831 -831 -864 -864 -864 -883 -883 -900 -900 -900 -917 -917 -929 -929 -937 -937 -937 -941 -941 -941 -941
-826 -826 -826 -828 -828 -828 -823 -823 -821 -821 -828 -828 -828 -837 -837 -851 -851 -851 -857 -857 -862 -862 -868 -868 -868 -873 -873 -868 -868 -868 -856 -856 -833 -849 -849 -831 -831 -817 -817 -813 -813 -813 -824 -824 -838 -838 -838 -849 -849 -854 -854 -864 -864 -864 -883 -883 -900 -900 -900 -917 -917 -929 -929 -937 -937 -937 -941 -941 -941 -941
-826 -826 -826 -828 -828 -828 -823 -823 -821 -821 -828 -828 -828 -837 -837 -851 -873 -873 -882 -882 -889 -889 -889 -886 -886 -886 -886 -881 -881 -881 -866 -866 -849 -849 -849 -831 -831 -817 -817 -813 -813 -813 -824 -824 -838 -838 -838 -849 -849 -854 -854 -864 -864 -864 -883 -883 -900 -900 -904 -914 -914 -922 -922 -922 -927 -927 -930 -930 -935 -935
-828 -825 -825 -823 -823 -823 -821 -821 -828 -828 -836 -836 -836 -854 -854 -873 -873 -873 -882 -882 -889 -889 -889 -886 -886 -886 -886 -881 -881 -881 -866 -866 -849 -849 -849 -831 -831 -817 -817 -813 -840 -840 -850 -850 -865 -865 -865 -877 -877 -881 -881 -881 -885 -885 -894 -894 -904 -904 -904 -914 -914 -922 -922 -922 -927 -927 -930 -930 -935 -935
-828 -825 -825 -823 -823 -823 -821 -821 -828 -828 -828 -836 -836 -854 -854 -873 -873 -873 -882 -882 -889 -889 -889 -916 -916 -902 -902 -889 -889 -889 -875 -875 -864 -864 -864 -849 -849 -838 -838 -840 -840 -840 -850 -850 -865 -865 -865 -877 -877 -881 -881 -881 -885 -885 -894 -894 -904 -904 -904 -914 -914 -922 -922 -922 -927 -914 -917 -917 -922 -922
-828 -825 -825 -823 -823 -823 -826 -826 -838 -838 -838 -854 -854 -879 -879 -902 -902 -902 -919 -919 -925 -925 -925 -916 -916 -902 -902 -889 -889 -889 -875 -875 -864 -864 -864 -849 -849 -838 -838 -838 -840 -840 -850 -850 -865 -865 -865 -891 -891 -893 -893 -893 -895 -895 -900 -900 -903 -903 -903 -911 -911 -911 -911 -911 -914 -914 -917 -917 -922 -922
-840 -833 -833 -825 -825 -825 -826 -826 -838 -838 -838 -854 -854 -879 -879 -902 -902 -902 -919 -919 -925 -925 -925 -916 -916 -902 -902 -889 -889 -889 -895 -895 -882 -882 -882 -867 -867 -861 -861 -861 -863 -863 -874 -874 -890 -890 -890 -891 -891 -893 -893 -893 -895 -895 -900 -900 -903 -903 -903 -911 -911 -911 -911 -911 -914 -914 -917 -917 -922 -922
-840 -833 -833 -825 -825 -825 -826 -826 -838 -838 -838 -854 -854 -913 -913 -938 -938 -938 -950 -950 -952 -952 -952 -944 -944 -926 -926 -926 -910 -910 -895 -895 -882 -882 -882 -867 -867 -861 -861 -861 -863 -863 -874 -874 -890 -890 -890 -891 -891 -893 -893 -893 -895 -895 -900 -899 -901 -901 -901 -904 -904 -904 -904 -904 -904 -904 -906 -906 -906 -910
-870 -852 -852 -842 -842 -842 -847 -847 -859 -859 -859 -886 -886 -913 -913 -938 -938 -938 -950 -950 -952 -952 -952 -944 -944 -926 -926 -926 -910 -910 -895 -895 -882 -882 -882 -867 -867 -882 -882 -882 -885 -885 -893 -893 -899 -899 -899 -900 -900 -899 -899 -899 -898 -898 -899 -899 -901 -901 -901 -904 -904 -904 -904 -904 -904 -904 -906 -906 -906 -910
-870 -852 -852 -842 -842 -842 -847 -847 -859 -859 -859 -886 -886 -913 -913 -913 -938 -938 -950 -950 -984 -984 -984 -979 -979 -949 -949 -949 -936 -936 -917 -917 -897 -897 -897 -888 -888 -882 -882 -882 -885 -885 -893 -893 -899 -899 -899 -900 -900 -899 -899 -899 -898 -898 -899 -899 -899 -901 -901 -904 -904 -904 -896 -896 -896 -896 -899 -899 -899 -904
-870 -852 -852 -904 -904 -904 -894 -894 -902 -902 -902 -922 -922 -949 -949 -949 -976 -976 -982 -982 -984 -984 -984 -979 -979 -949 -949 -949 -936 -936 -917 -917 -897 -897 -897 -888 -888 -882 -882 -882 -885 -885 -893 -893 -899 -903 -903 -901 -901 -900 -900 -900 -902 -902 -900 -900 -900 -898 -898 -896 -896 -896 -896 -896 -896 -896 -899 -899 -899 -904
-952 -920 -920 -920 -904 -904 -894 -894 -902 -902 -902 -922 -922 -949 -949 -949 -976 -976 -982 -982 -984 -984 -984 -979 -979 -949 -949 -996 -964 -964 -943 -943 -928 -928 -928 -910 -910 -902 -902 -902 -898 -898 -899 -899 -899 -903 -903 -901 -901 -900 -900 -900 -902 -902 -900 -900 -900 -898 -898 -896 -896 -896 -896 -896 -896 -896 -899 -899 -899 -900
-952 -920 -920 -920 -904 -904 -894 -894 -902 -902 -970 -979 -979 -992 -992 -992 -1009 -1009 -1018 -1018 -1018 -1018 -1018 -1013 -1013 -996 -996 -996 -964 -964 -943 -943 -943 -928 -928 -910 -910 -902 -902 -902 -898 -898 -899 -899 -899 -903 -903 -901 -901 -900 -900 -900 -901 -901 -901 -901 -901 -901 -901 -896 -896 -890 -890 -890 -889 -889 -894 -894 -894 -900
