Biomod2EZ_SampleData/environmental_layers/temp2.asc
ncols         70
nrows         67
xllcorner     11.334307508326
yllcorner     6.759130859542
cellsize      0.008333333768
NODATA_value  -9999
-9999 -9999 -9999 -9999 -9999 -9999 -9999 -9999 -9999 -9999 -9999 -9999 -9999 -9999 -9999 -9999 -9999 -9999 -9999 -9999 -9999 -9999 -9999 -9999 -9999 -9999 -9999 -9999 -9999 -9999 -9999 -9999 -9999 -9999 -9999 -9999 -9999 -9999 -9999 -9999 -9999 -9999 -9999 -9999 -9999 -9999 -9999 -9999 -9999 -9999 -9999 -9999 -9999 -9999 -9999 -9999 -9999 -9999 -9999 -9999 -9999 -9999 -9999 -9999 -9999 -9999 -9999 -9999 -9999 -9999 
252 251 251 251 251 251 251 250 251 252 252 252 247 251 252 251 250 250 247 236 231 220 223 243 246 248 250 248 245 248 247 246 242 239 233 225 228 227 227 229 228 221 217 200 188 193 200 204 204 206 209 211 208 211 210 210 208 215 212 210 209 209 209 204 200 207 217 215 214 211 
252 252 252 252 252 252 251 250 250 251 251 251 251 252 253 253 250 250 249 246 242 227 221 224 238 246 247 247 249 249 250 246 244 246 241 235 236 235 235 232 230 227 222 217 205 196 197 204 200 208 208 209 209 209 210 210 210 213 215 213 210 210 206 198 206 215 215 215 215 214 
253 253 252 252 251 251 251 251 248 250 251 250 251 252 252 253 251 249 244 239 225 234 234 238 242 248 248 246 246 246 246 248 249 247 247 240 241 238 236 233 228 225 215 210 204 195 199 207 202 208 209 209 209 209 209 209 209 211 215 213 210 208 201 204 209 211 214 213 213 213 
253 252 252 251 251 250 250 250 250 249 249 249 251 252 253 250 248 242 243 240 236 235 245 245 243 244 247 247 242 245 246 246 248 248 247 244 241 240 238 232 223 220 213 210 209 195 202 208 206 208 209 211 209 209 209 209 209 211 216 209 204 204 199 210 212 213 215 214 213 210 
253 252 253 252 251 251 250 249 250 251 250 249 246 251 252 250 246 239 236 243 247 247 247 233 229 237 244 247 247 246 244 244 244 246 247 245 244 243 238 232 224 230 220 217 214 201 202 207 207 209 209 209 208 208 205 209 209 210 215 212 202 202 207 209 212 212 215 213 212 209 
253 253 252 252 252 251 248 250 251 251 249 248 248 246 252 249 245 244 249 249 247 243 235 225 218 227 239 246 247 246 243 241 241 240 242 245 245 243 240 231 232 234 226 218 205 200 197 206 207 208 209 208 209 208 203 208 208 207 212 212 207 208 211 212 211 213 215 214 212 209 
252 254 252 252 251 253 251 251 251 251 250 249 247 247 251 252 251 250 250 247 247 239 228 214 206 224 239 245 247 245 244 237 234 238 244 246 245 243 241 237 239 238 227 216 204 203 203 204 208 208 208 209 208 209 202 206 210 209 211 211 209 207 208 211 213 211 212 214 213 210 
252 252 252 253 253 252 252 252 251 250 249 248 247 247 246 251 251 250 244 243 243 237 223 211 216 229 244 245 246 246 243 240 234 241 244 245 245 244 243 241 241 236 232 217 211 216 207 207 208 209 210 209 209 211 211 213 213 213 213 213 212 211 212 210 210 210 209 214 214 210 
252 252 252 251 251 251 252 251 250 248 249 248 245 243 240 246 252 250 250 247 238 232 226 217 215 230 241 246 245 243 244 240 236 237 243 243 244 244 244 243 241 239 234 221 223 223 213 210 207 209 209 210 211 210 208 211 212 212 212 213 213 212 212 211 210 209 212 213 213 213 
251 252 252 251 250 251 251 251 245 250 250 250 247 242 241 244 251 251 250 248 245 240 230 222 219 228 241 245 245 242 242 243 236 241 241 243 244 244 241 238 238 238 238 232 223 221 218 210 207 208 211 209 208 209 209 208 210 210 211 212 213 213 212 209 209 211 211 211 211 211 
251 251 253 251 250 250 250 250 252 251 250 247 248 247 242 238 244 251 250 249 247 236 227 224 228 238 243 245 245 244 240 239 240 241 241 241 242 243 243 241 240 239 238 231 226 223 221 210 207 208 212 211 200 203 201 203 208 201 204 212 210 212 204 207 209 211 209 208 210 209 
250 251 251 251 250 248 246 250 252 251 250 250 244 244 246 246 243 250 251 250 248 246 232 222 225 237 242 245 245 244 244 242 238 242 242 240 241 242 242 242 241 237 236 227 234 229 227 219 222 224 218 202 200 196 187 200 198 197 195 204 206 212 206 207 208 207 208 208 211 210 
249 250 250 250 249 250 251 251 251 249 250 249 247 242 246 246 245 248 250 249 250 245 232 215 218 230 241 242 243 242 243 243 243 243 242 241 240 239 240 240 241 237 237 234 236 234 233 232 228 225 223 207 198 187 192 198 193 189 196 204 204 211 207 207 207 206 208 208 208 205 
249 250 250 249 250 251 252 250 250 249 243 242 246 239 239 244 244 242 244 249 249 242 227 217 210 229 238 238 240 240 242 243 244 244 243 243 241 236 237 236 240 240 240 239 238 235 230 222 220 217 221 209 197 186 189 195 190 187 196 197 197 207 203 204 205 205 198 205 209 203 
250 249 249 249 250 251 250 249 248 247 246 243 241 236 233 244 244 239 245 239 248 244 235 224 227 227 238 238 241 241 243 243 244 243 241 241 240 238 238 233 238 238 239 238 237 235 231 221 226 214 212 208 204 194 197 192 190 198 200 192 195 202 201 198 204 200 196 206 206 209 
249 248 249 249 249 250 251 250 247 246 246 239 236 222 223 233 242 241 244 245 247 246 238 236 235 236 239 239 241 242 243 242 244 244 241 241 241 240 237 231 229 229 231 236 236 234 231 229 227 221 212 213 206 206 206 210 206 204 200 188 195 200 200 199 203 199 196 207 197 204 
248 241 239 237 248 250 250 249 248 245 242 235 221 217 208 224 239 239 244 246 247 242 243 238 236 235 233 229 236 239 241 242 243 244 243 241 237 240 236 233 235 231 230 236 236 234 234 234 226 218 207 211 211 211 210 209 207 204 201 196 194 197 192 190 199 194 194 194 191 203 
247 244 248 247 249 251 250 249 247 245 237 227 216 207 204 215 227 234 236 243 246 239 235 228 223 215 229 226 233 238 241 242 242 242 243 241 240 241 240 239 236 234 235 237 232 229 226 227 230 218 205 207 210 211 209 209 209 202 203 202 198 193 188 183 190 202 190 181 189 195 
247 248 248 249 249 250 250 249 246 245 236 223 217 211 202 212 222 234 236 241 239 240 233 229 223 224 232 238 238 240 240 241 241 242 243 243 242 241 240 240 240 240 240 240 229 221 226 223 229 229 228 209 210 209 202 201 207 200 201 201 193 192 186 180 190 194 194 185 187 202 
248 248 248 249 249 250 250 248 244 239 231 231 220 215 205 208 210 229 237 240 237 243 238 238 234 238 238 239 240 241 241 242 241 242 242 242 241 240 237 239 240 233 238 238 232 227 230 227 226 231 230 224 217 209 208 205 206 202 195 197 198 197 186 183 194 186 185 188 189 202 
248 249 249 250 250 250 249 245 239 234 217 218 220 215 212 211 219 218 235 234 235 239 239 234 232 234 234 233 231 235 240 239 240 242 242 237 237 240 241 238 232 230 234 229 237 232 231 226 223 223 227 229 225 221 224 218 205 208 193 192 190 190 186 185 188 186 181 181 185 198 
249 249 249 249 250 249 248 244 240 235 221 210 207 204 203 208 220 230 233 234 234 234 231 234 236 233 226 228 223 226 238 235 240 241 241 240 236 239 241 240 236 234 226 225 227 229 231 229 217 213 220 225 225 226 225 220 214 207 196 189 178 182 184 173 174 177 175 174 189 197 
248 249 250 250 250 249 248 246 242 231 215 210 203 197 194 208 214 226 222 224 228 233 231 229 233 234 230 220 222 226 228 228 238 240 239 239 236 239 238 235 235 231 226 223 222 228 227 230 226 208 204 211 223 220 218 211 216 214 207 197 186 190 183 178 172 173 175 176 178 198 
248 248 250 250 249 248 248 246 242 236 228 211 201 197 199 205 222 224 224 227 230 230 231 229 225 226 228 222 226 227 221 223 236 236 235 232 231 238 226 228 231 223 223 217 217 219 213 222 228 222 206 199 207 212 210 206 210 205 207 197 196 189 187 175 173 172 175 177 180 190 
248 249 249 249 250 248 247 246 245 240 235 215 211 199 206 214 221 224 227 227 227 231 229 230 229 224 222 227 228 225 225 227 233 230 227 224 225 228 231 225 224 224 222 211 203 207 210 213 225 218 213 192 201 196 204 197 197 200 198 198 198 180 181 176 176 173 176 177 179 190 
250 250 250 249 249 248 248 247 246 245 240 230 224 214 217 217 222 227 227 229 228 230 230 229 228 227 227 228 229 228 227 227 227 227 224 219 220 227 227 226 223 221 209 200 200 196 195 201 212 217 215 206 195 186 186 182 179 198 190 186 189 189 181 179 175 172 179 180 191 203 
248 248 250 249 249 248 248 247 246 245 243 238 237 234 230 222 214 225 226 228 229 229 230 229 229 229 228 229 228 228 228 228 227 227 225 226 225 227 226 220 222 218 203 193 182 183 192 200 212 217 201 202 200 193 181 166 161 170 177 180 176 175 184 179 177 181 192 192 202 212 
248 249 249 248 248 249 248 247 246 246 239 238 239 237 228 216 214 221 219 221 225 227 230 230 230 229 229 229 229 229 229 228 229 228 224 224 225 226 226 220 220 211 205 195 158 169 185 203 207 215 208 200 197 188 177 164 157 168 175 177 175 179 179 177 178 181 189 201 208 216 
248 248 248 248 248 247 247 247 246 245 244 225 226 229 219 210 206 214 216 226 227 228 229 230 230 230 230 231 230 229 229 229 228 227 224 217 224 222 219 217 210 206 190 188 164 152 176 194 201 205 203 198 189 185 165 163 175 174 172 175 178 178 187 182 174 177 182 191 211 216 
247 248 247 248 248 247 246 242 238 240 238 241 236 222 216 201 203 210 220 227 228 227 228 228 229 229 229 230 229 230 227 221 228 227 226 221 220 220 216 213 210 202 188 171 157 155 184 187 193 193 196 198 187 169 158 165 181 182 179 180 187 181 193 185 180 180 177 185 201 217 
247 245 247 247 247 246 246 238 235 232 229 235 236 231 222 210 215 219 226 224 222 221 224 220 224 227 229 229 230 228 223 216 219 227 226 223 217 214 217 216 212 206 198 178 156 147 162 175 177 183 181 186 176 163 160 176 184 188 188 184 196 195 194 198 180 180 184 193 201 217 
246 247 247 247 247 246 246 243 238 231 212 226 229 222 217 207 206 210 216 210 217 213 212 213 222 227 229 229 230 230 220 212 214 224 224 221 206 208 211 213 208 203 197 183 152 145 148 149 168 173 167 169 170 161 169 175 182 187 191 188 188 197 199 198 188 181 187 201 211 211 
246 246 246 246 247 247 245 244 230 227 211 221 222 210 203 194 193 201 200 203 205 205 208 214 225 227 228 229 230 229 228 223 224 225 223 219 216 207 201 207 206 200 194 183 162 145 160 157 172 185 173 170 176 179 189 191 188 180 183 188 197 198 205 208 191 189 187 204 214 211 
245 245 246 244 247 246 240 236 234 229 224 217 214 210 196 192 192 192 192 194 203 208 213 220 225 226 227 229 228 229 228 228 227 226 224 221 215 211 202 195 199 191 186 176 167 154 151 164 181 184 183 185 185 187 193 195 183 178 178 184 187 193 199 207 196 195 211 210 217 215 
241 244 244 240 246 246 246 244 243 238 237 232 224 217 207 193 192 192 191 192 203 204 204 213 218 225 226 228 227 227 228 226 225 223 224 221 217 215 210 199 191 186 170 174 172 172 182 172 190 192 197 198 192 198 196 199 192 183 184 187 187 189 190 214 199 211 212 217 219 218 
236 240 243 243 244 244 245 244 242 239 234 226 215 209 201 193 194 191 191 190 194 197 194 192 219 223 226 226 227 227 227 225 223 215 215 215 216 216 209 202 195 178 182 181 181 189 188 179 195 199 201 207 204 203 195 192 204 195 189 183 189 192 193 211 218 215 218 218 219 217 
235 240 240 240 238 240 241 243 238 234 232 223 213 203 195 194 194 193 192 191 191 192 194 198 211 219 223 226 226 225 225 225 220 216 208 207 209 211 208 199 191 193 195 189 188 194 197 183 196 207 202 205 211 206 197 195 207 207 196 184 190 190 199 213 217 218 219 220 218 217 
234 237 232 232 234 235 238 238 234 229 221 222 212 198 194 193 192 192 191 190 190 191 191 189 199 214 220 219 221 224 220 211 212 211 205 198 203 204 201 197 198 196 197 189 186 194 201 200 193 212 207 204 207 209 205 202 210 209 196 185 198 203 210 217 217 219 219 220 220 220 
228 228 226 223 224 225 231 228 232 224 209 208 203 201 197 195 193 192 192 190 190 190 190 189 191 205 216 213 214 219 217 208 200 203 201 195 198 197 197 197 201 202 200 193 195 195 200 206 202 210 212 204 210 213 212 211 212 201 196 189 199 203 212 215 218 219 220 221 220 221 
206 212 209 210 206 214 226 218 225 213 206 197 196 195 194 196 194 192 192 191 190 191 190 189 189 191 207 202 207 208 211 210 194 189 194 197 197 199 201 199 200 202 196 187 199 199 199 205 209 210 207 205 213 215 215 215 212 204 198 202 196 200 212 212 215 219 221 220 218 219 
192 191 200 197 205 213 219 215 216 208 193 192 194 191 191 195 194 191 192 191 191 190 190 191 188 188 192 192 192 193 197 203 199 188 188 193 196 196 197 198 199 206 199 195 202 203 206 210 213 214 208 210 212 217 217 215 210 201 199 211 204 210 213 210 213 217 218 219 219 219 
191 191 190 190 189 197 193 194 192 204 192 192 192 193 191 191 190 191 190 191 191 191 191 190 190 189 191 192 191 191 191 193 186 184 179 190 199 204 206 204 205 206 204 199 203 201 206 207 208 213 214 214 214 216 217 216 214 209 206 213 214 217 217 216 211 217 217 218 218 218 
194 192 191 190 191 192 191 190 191 191 191 191 193 191 192 191 190 192 192 191 191 192 191 191 190 190 191 190 191 190 189 186 184 183 181 186 195 201 204 207 207 208 207 206 204 205 206 210 213 211 215 218 217 217 217 214 212 200 215 213 217 218 218 217 215 215 216 216 217 216 
193 193 190 191 191 191 191 191 191 190 191 191 191 191 192 193 193 191 190 192 190 190 191 190 190 189 189 189 185 183 188 187 185 181 179 182 193 197 202 206 208 208 209 207 205 207 201 210 212 217 218 218 218 214 214 216 207 204 217 216 218 219 219 219 215 215 217 217 216 218 
194 196 193 191 191 191 191 191 191 191 191 193 191 192 193 191 191 190 190 190 190 190 190 191 191 191 190 188 184 183 183 182 181 182 181 177 186 192 204 205 206 200 203 206 210 209 208 209 211 216 215 214 218 218 214 211 207 216 217 216 217 220 220 218 215 217 218 218 218 218 
199 198 195 192 191 192 190 190 189 191 192 192 193 192 192 191 191 191 190 189 188 189 191 191 191 190 189 189 188 185 182 182 181 183 180 178 188 198 203 185 194 193 198 203 206 209 210 209 212 213 208 216 216 217 218 218 215 218 218 218 217 220 220 219 216 218 218 219 218 215 
193 190 193 193 193 190 190 190 189 189 191 191 192 193 193 193 191 191 191 190 189 189 190 191 189 191 190 190 190 189 189 188 185 188 187 185 188 194 191 184 184 188 190 193 203 207 209 210 209 206 207 210 212 214 213 220 219 219 219 218 218 217 221 219 219 218 219 220 217 218 
195 196 196 195 192 192 190 189 190 189 190 191 191 193 194 193 192 194 191 191 191 189 191 193 192 190 189 192 189 187 188 186 188 189 187 182 172 182 187 183 185 189 191 199 203 210 209 211 210 208 207 208 212 215 213 217 220 220 219 219 220 218 221 221 219 219 221 220 219 217 
200 201 201 202 198 196 192 191 191 191 191 191 193 194 192 192 193 193 193 190 190 190 190 191 191 192 191 191 190 189 182 185 187 189 187 177 173 186 192 197 189 190 200 204 207 210 211 212 213 209 209 213 215 217 215 218 218 218 220 220 220 220 219 220 221 221 220 221 219 217 
195 194 191 194 196 196 194 192 192 192 192 192 191 193 196 194 194 193 190 190 190 191 190 190 190 193 192 190 189 190 190 189 191 190 186 178 179 184 187 198 199 201 204 204 207 205 207 211 213 211 209 214 217 217 216 216 218 217 220 219 216 218 218 220 220 221 221 222 220 219 
192 193 193 191 193 194 191 189 192 194 193 194 193 193 196 194 194 193 191 190 192 192 190 192 192 193 191 189 192 191 192 192 191 191 192 186 180 184 186 195 204 206 208 208 204 205 207 211 213 210 211 213 217 219 217 216 217 217 220 217 217 213 218 218 219 221 221 220 222 223 
194 193 192 193 192 192 191 191 191 193 192 194 195 194 196 194 195 193 191 191 193 192 193 193 194 191 190 190 190 195 194 192 193 190 198 190 183 193 193 206 206 208 208 209 208 208 208 211 211 212 212 214 219 217 218 219 219 218 220 219 218 218 217 218 219 221 221 221 220 223 
195 194 194 192 192 192 191 192 191 192 193 194 194 196 196 194 192 191 191 191 194 191 195 193 191 191 191 189 190 194 199 198 194 194 203 193 195 199 205 203 207 208 208 209 210 210 209 209 210 215 217 215 217 216 215 217 218 218 219 218 218 218 219 220 221 221 219 221 222 220 
195 194 192 193 193 193 190 192 193 192 195 194 195 197 193 193 193 192 193 193 192 192 195 192 192 192 191 192 193 195 197 200 204 198 201 195 203 204 204 204 207 208 207 207 210 210 209 209 211 212 212 214 215 210 213 214 216 216 217 217 217 219 220 220 220 219 219 220 221 221 
200 193 192 194 192 191 190 191 193 194 194 197 196 196 194 192 193 191 194 194 195 194 194 193 192 191 191 192 192 193 194 192 201 204 202 199 204 206 204 208 208 208 210 210 211 210 209 209 210 209 211 213 215 212 211 212 215 216 217 218 216 217 219 219 219 219 218 219 220 222 
199 197 195 194 194 192 192 191 190 194 193 194 196 194 193 194 193 193 195 194 193 192 192 193 193 193 193 191 190 190 188 194 198 204 205 201 204 207 203 207 209 210 210 211 211 210 209 210 210 211 211 212 213 212 211 212 216 217 218 217 216 217 217 217 217 219 218 217 220 222 
201 201 193 192 193 194 194 191 191 191 194 195 197 195 195 194 194 194 195 195 190 193 192 193 193 192 191 190 190 189 196 202 204 206 204 206 208 207 203 203 203 209 210 210 210 210 209 210 210 210 213 212 214 213 214 214 216 218 219 219 217 217 218 216 217 217 216 216 219 220 
199 198 196 191 194 192 193 191 193 194 193 196 195 196 194 194 196 195 196 194 194 196 194 193 193 192 191 192 190 188 195 195 197 195 196 200 208 208 207 203 207 208 209 211 210 210 210 210 210 211 211 213 215 213 216 217 217 218 219 218 219 218 218 217 217 218 218 217 219 219 
201 198 195 193 194 194 191 191 193 193 195 197 199 196 194 195 195 195 195 194 194 194 195 195 193 192 192 194 189 189 191 189 194 180 186 191 202 209 209 207 206 209 210 212 210 210 210 210 210 211 212 215 216 215 216 216 218 217 218 219 220 219 219 218 216 215 219 217 217 219 
204 199 194 194 193 193 192 193 192 193 196 197 197 198 199 196 194 195 194 193 192 192 194 194 195 195 194 193 190 186 185 188 183 180 183 185 193 210 210 206 207 207 210 212 210 210 211 211 211 211 212 213 216 212 213 212 212 215 217 218 219 219 219 219 217 219 218 219 219 217 
202 202 195 198 193 192 193 193 194 195 196 198 198 196 194 197 197 193 192 192 191 191 194 192 194 192 191 191 188 186 184 185 188 180 188 191 200 209 211 208 209 209 210 211 212 211 211 211 210 210 212 213 214 212 212 212 213 215 217 218 219 220 220 220 219 220 220 220 221 220 
198 197 197 197 194 196 195 195 193 196 199 198 194 196 194 195 194 196 194 192 191 192 192 192 194 190 190 184 187 185 186 188 193 193 196 196 206 207 210 212 210 211 211 211 212 211 212 211 211 211 212 213 214 212 213 215 216 216 218 219 219 219 219 217 217 218 219 219 219 220 
202 202 205 197 192 193 197 198 199 200 197 195 196 194 193 194 195 192 195 194 192 193 194 195 193 184 188 184 174 181 186 195 200 205 194 202 210 209 210 212 210 209 209 212 212 211 212 212 211 211 212 214 215 214 217 217 217 218 218 218 218 219 218 216 216 216 217 218 220 220 
205 206 205 201 197 197 197 200 200 198 197 196 196 193 193 193 195 196 196 195 194 194 194 196 194 183 185 180 180 179 187 191 203 205 207 209 206 208 210 212 207 211 210 212 212 212 212 212 212 211 211 211 214 216 216 215 216 217 216 217 218 219 217 217 217 217 218 218 219 221 
204 206 206 206 206 205 196 197 194 193 193 195 194 193 193 197 199 196 194 194 193 198 196 196 196 184 188 177 180 182 182 186 192 200 209 208 207 208 210 212 212 210 211 211 211 213 213 212 212 212 211 211 212 214 215 216 216 217 217 216 217 217 215 216 218 218 218 218 219 220 
203 203 205 206 205 205 196 193 196 193 193 194 193 192 197 200 200 196 195 194 196 197 196 196 193 188 190 184 182 182 181 188 197 201 207 206 208 211 211 211 209 212 211 210 210 211 212 213 211 211 210 211 214 215 216 217 216 218 218 218 218 218 216 217 219 220 219 219 220 221 
